 -93288.097   184.373     0.00   18.26
 -93001.652   178.436   -20.73   17.73
 -92715.207   173.881   -15.90   19.57
 -92428.762   171.101    -9.70   22.61
 -92142.317   170.892    -0.73   25.43
 -91855.874   172.162     4.43   30.08
 -91569.430   173.077     3.19   33.98
 -91282.987   172.901    -0.61   36.90
 -90996.544   172.846    -0.19   39.33
 -90710.102   173.135     1.01   39.84
 -90423.660   170.620    -8.78   40.62
 -90137.218   165.083   -19.33   39.56
 -89850.777   157.743   -25.63   37.09
 -89564.336   149.593   -28.45   35.84
 -89277.896   140.833   -30.58   34.50
 -88991.456   130.326   -36.68   30.28
 -88705.016   122.271   -28.12   24.10
 -88418.577   117.493   -16.68   18.15
 -88132.138   118.579     3.79   20.87
 -87845.700   126.008    25.94   31.50
 -87559.262   137.306    39.44   39.26
 -87272.824   150.406    45.73   43.82
 -86986.387   166.108    54.82   45.86
 -86699.950   183.654    61.26   44.99
 -86413.513   200.961    60.42   41.09
 -86127.077   212.250    39.41   37.73
 -85840.642   217.545    18.49   34.50
 -85554.207   219.588     7.13   29.90
 -85267.772   219.563    -0.09   24.38
 -84981.337   215.903   -12.78   21.84
 -84694.903   207.753   -28.45   23.39
 -84408.470   196.707   -38.56   26.64
 -84122.036   186.434   -35.87   26.44
 -83835.603   177.966   -29.56   24.95
 -83549.171   168.434   -33.28   21.61
 -83262.739   160.334   -28.28   18.80
 -82976.307   153.590   -23.55   18.60
 -82689.876   146.587   -24.45   21.68
 -82403.445   141.335   -18.34   24.62
 -82117.014   136.542   -16.73   25.32
 -81830.584   132.285   -14.86   25.03
 -81544.155   128.813   -12.12   24.89
 -81257.725   128.792    -0.07   26.98
 -80971.296   133.356    15.94   30.86
 -80684.868   140.052    23.38   33.44
 -80398.440   148.669    30.08   34.24
 -80112.012   155.040    22.24   29.75
 -79825.585   157.732     9.40   23.13
 -79539.158   156.085    -5.75   21.13
 -79252.731   149.319   -23.62   25.73
 -78966.305   137.403   -41.60   29.38
 -78679.879   123.542   -48.39   28.10
 -78393.454   112.094   -39.97   21.42
 -78107.029   106.919   -18.07   18.54
 -77820.604   110.264    11.68   27.15
 -77534.180   120.975    37.39   36.53
 -77247.757   134.564    47.44   41.04
 -76961.333   151.582    59.42   42.88
 -76674.910   167.176    54.44   41.57
 -76388.488   180.101    45.13   40.76
 -76102.065   191.203    38.76   39.80
 -75815.644   199.054    27.41   36.09
 -75529.222   207.025    27.83   29.18
 -75242.801   211.156    14.42   25.52
 -74956.381   210.394    -2.66   28.71
 -74669.960   206.942   -12.05   31.20
 -74383.541   200.312   -23.15   30.34
 -74097.121   192.636   -26.80   29.44
 -73810.702   185.360   -25.40   32.25
 -73524.284   178.257   -24.80   30.88
 -73237.865   172.813   -19.01   29.09
 -72951.447   167.531   -18.44   27.46
 -72665.030   163.292   -14.80   25.07
 -72378.613   161.189    -7.34   22.66
 -72092.196   164.353    11.05   23.03
 -71805.780   173.688    32.59   23.02
 -71519.364   181.299    26.57   23.52
 -71232.949   187.047    20.07   21.65
 -70946.534   191.285    14.80   18.76
 -70660.119   193.740     8.57   18.92
 -70373.705   196.995    11.37   20.06
 -70087.291   201.404    15.39   21.06
 -69800.877   204.820    11.93   20.56
 -69514.464   207.049     7.78   19.03
 -69228.052   209.916    10.01   15.40
 -68941.639   212.285     8.27   14.22
 -68655.228   212.971     2.39   20.81
 -68368.816   213.476     1.77   28.59
 -68082.405   212.630    -2.96   32.96
 -67795.994   212.074    -1.94   37.02
 -67509.584   212.447     1.30   40.98
 -67223.174   211.852    -2.08   42.64
 -66936.764   206.432   -18.93   43.28
 -66650.355   197.097   -32.59   40.51
 -66363.947   187.820   -32.39   36.43
 -66077.538   179.799   -28.00   33.92
 -65791.130   171.668   -28.39   30.23
 -65504.723   160.838   -37.81   28.29
 -65218.316   148.595   -42.75   27.58
 -64931.909   137.390   -39.12   24.19
 -64645.503   125.973   -39.87   21.79
 -64359.097   117.128   -30.88   20.48
 -64072.691   110.529   -23.04   18.92
 -63786.286   105.206   -18.59   17.69
 -63499.881   101.678   -12.32   17.00
 -63213.477    97.942   -13.04   16.39
 -62927.073    92.639   -18.51   15.21
 -62640.669    90.675    -6.86   14.72
 -62354.266    91.623     3.31   19.80
 -62067.863    95.243    12.64   25.89
 -61781.461   101.581    22.13   31.67
 -61495.059   109.757    28.55   33.77
 -61208.657   118.195    29.46   31.17
 -60922.256   125.133    24.23   25.15
 -60635.855   128.771    12.70   23.01
 -60349.455   127.990    -2.73   23.53
 -60063.055   125.689    -8.04   24.10
 -59776.655   125.747     0.20   25.45
 -59490.256   132.678    24.20   29.49
 -59203.857   146.202    47.22   34.83
 -58917.459   161.047    51.83   37.83
 -58631.061   170.623    33.44   36.77
 -58344.663   174.890    14.90   31.61
 -58058.266   174.849    -0.14   26.01
 -57771.869   172.720    -7.43   21.68
 -57485.472   168.840   -13.55   18.33
 -57199.076   165.850   -10.44   16.04
 -56912.681   159.511   -22.14   14.23
 -56626.285   151.908   -26.55   11.41
 -56339.890   145.435   -22.60   13.34
 -56053.496   139.305   -21.40   15.98
 -55767.102   133.454   -20.43   17.31
 -55480.708   129.238   -14.72   16.04
 -55194.315   124.416   -16.84   12.71
 -54907.922   120.556   -13.48   11.06
 -54621.529   119.244    -4.58   10.72
 -54335.137   118.483    -2.65   12.83
 -54048.746   117.086    -4.88   15.21
 -53762.354   115.209    -6.55   15.32
 -53475.963   110.830   -15.29   14.67
 -53189.573   106.757   -14.22   14.43
 -52903.183   102.847   -13.65   13.04
 -52616.793    98.390   -15.56   10.93
 -52330.404    94.711   -12.85   10.22
 -52044.015    91.481   -11.28    8.90
 -51757.626    88.017   -12.09    6.87
 -51471.238    85.285    -9.54    7.56
 -51184.850    82.878    -8.41    7.85
 -50898.463    79.628   -11.35    7.69
 -50612.076    76.163   -12.10    8.48
 -50325.689    72.961   -11.18    8.99
 -50039.303    68.656   -15.03    8.99
 -49752.917    64.468   -14.62    8.00
 -49466.532    61.186   -11.46    5.96
 -49180.147    59.524    -5.80    5.72
 -48893.762    58.376    -4.01    6.45
 -48607.378    58.072    -1.06    8.76
 -48320.994    58.327     0.89   11.54
 -48034.611    58.389     0.22   13.79
 -47748.228    57.979    -1.43   15.04
 -47461.845    57.035    -3.30   15.47
 -47175.463    55.143    -6.61   15.21
 -46889.081    53.855    -4.50   14.07
 -46602.700    53.672    -0.64   12.47
 -46316.319    53.996     1.13   10.98
 -46029.938    54.630     2.21   10.68
 -45743.558    55.781     4.02   11.29
 -45457.178    56.613     2.91   11.45
 -45170.799    56.909     1.03   11.12
 -44884.420    56.335    -2.00   11.48
 -44598.041    55.092    -4.34   11.94
 -44311.663    53.045    -7.15   11.89
 -44025.285    49.858   -11.13   11.74
 -43738.907    46.602   -11.37   10.29
 -43452.530    44.404    -7.68    8.41
 -43166.154    44.082    -1.12    6.88
 -42879.777    44.991     3.17    6.41
 -42593.402    46.194     4.20    7.25
 -42307.026    47.706     5.28    7.83
 -42020.651    48.380     2.36    7.93
 -41734.276    46.901    -5.16    9.74
 -41447.902    44.011   -10.09   11.25
 -41161.528    40.874   -10.95   11.01
 -40875.155    37.361   -12.27    8.96
 -40588.781    33.940   -11.94    6.61
 -40302.409    31.135    -9.79    5.36
 -40016.036    28.893    -7.83    5.56
 -39729.664    27.086    -6.31    6.48
 -39443.293    25.148    -6.77    6.84
 -39156.922    23.771    -4.81    6.15
 -38870.551    22.901    -3.04    4.92
 -38584.181    22.655    -0.86    4.56
 -38297.811    22.475    -0.63    4.89
 -38011.441    21.707    -2.68    5.02
 -37725.072    21.135    -2.00    4.83
 -37438.703    20.693    -1.54    4.44
 -37152.335    20.798     0.37    4.30
 -36865.967    21.101     1.06    4.09
 -36579.599    20.968    -0.47    3.87
 -36293.232    20.485    -1.69    4.25
 -36006.865    19.637    -2.96    4.53
 -35720.499    18.449    -4.15    4.56
 -35434.133    17.104    -4.70    4.05
 -35147.767    15.750    -4.73    4.16
 -34861.402    14.768    -3.43    4.50
 -34575.037    13.933    -2.91    4.50
 -34288.673    13.159    -2.70    4.45
 -34002.309    12.074    -3.79    4.25
 -33715.945    10.851    -4.27    3.62
 -33429.582     9.937    -3.19    3.28
 -33143.219     9.306    -2.20    2.90
 -32856.857     9.199    -0.37    2.60
 -32570.495     9.842     2.24    3.78
 -32284.133    11.185     4.69    5.66
 -31997.772    12.963     6.21    7.37
 -31711.406    15.013     7.16    8.33
 -31424.882    16.952     6.76    8.34
 -31138.359    18.250     4.53    7.81
 -30851.837    18.108    -0.50    7.16
 -30565.317    16.989    -3.90    6.51
 -30278.797    14.947    -7.13    6.62
 -29992.279    12.693    -7.87    6.37
 -29705.762    10.655    -7.11    5.60
 -29419.245     8.871    -6.23    5.17
 -29132.730     8.181    -2.41    5.27
 -28846.216     7.716    -1.62    6.00
 -28559.704     7.573    -0.50    6.37
 -28273.192     7.457    -0.40    6.63
 -27986.681     7.754     1.04    6.54
 -27700.172     8.183     1.50    6.19
 -27413.663     8.069    -0.40    5.53
 -27127.156     7.700    -1.29    4.32
 -26840.650     7.819     0.42    3.55
 -26554.145     8.381     1.96    3.34
 -26267.641     8.085    -1.04    3.69
 -25981.139     7.088    -3.48    4.59
 -25694.637     5.971    -3.90    4.79
 -25408.136     5.435    -1.87    4.83
 -25121.637     5.731     1.03    5.13
 -24835.139     6.193     1.61    5.07
 -24548.642     6.732     1.88    5.29
 -24262.145     7.129     1.39    5.31
 -23975.651     7.320     0.67    5.09
 -23689.157     7.285    -0.12    5.12
 -23402.664     6.285    -3.49    4.84
 -23116.172     4.879    -4.91    3.84
 -22829.682     4.230    -2.27    3.05
 -22543.193     4.223    -0.02    3.05
 -22256.704     4.436     0.74    3.26
 -21970.217     4.222    -0.74    3.29
 -21683.731     3.956    -0.93    3.40
 -21397.246     4.224     0.93    3.34
 -21110.763     4.230     0.02    3.30
 -20824.280     3.839    -1.37    3.46
 -20537.798     2.700    -3.98    3.64
 -20251.318     1.407    -4.51    3.54
 -19964.839     0.506    -3.15    3.76
 -19678.361    -0.632    -3.97    3.75
 -19391.883    -1.472    -2.93    3.69
 -19105.408    -2.179    -2.47    3.66
 -18818.933    -2.391    -0.74    4.29
 -18532.459    -0.254     7.46    7.41
 -18245.986     3.356    12.60   10.79
 -17959.515     8.668    18.54   14.50
 -17673.045    15.257    23.00   16.86
 -17386.575    20.912    19.74   16.97
 -17100.107    25.567    16.25   14.51
 -16813.640    27.145     5.51   13.05
 -16527.174    25.485    -5.80   13.70
 -16240.709    21.972   -12.26   13.66
 -15954.246    17.230   -16.55   12.31
 -15667.783    12.833   -15.35    9.06
 -15381.322     9.554   -11.45    4.70
 -15094.861     8.196    -4.74    1.98
 -14808.402     8.123    -0.26    1.75
 -14521.944     8.379     0.90    2.14
 -14235.487     8.537     0.55    2.20
 -13949.031     8.785     0.87    2.18
 -13662.577     8.878     0.33    2.17
 -13376.123     9.009     0.46    2.47
 -13089.671     8.933    -0.27    2.81
 -12803.219     9.021     0.31    3.17
 -12516.769     9.513     1.72    3.36
 -12230.320    10.357     2.94    3.32
 -11943.872    11.441     3.78    3.30
 -11657.425    12.178     2.57    3.07
 -11370.979    11.462    -2.50    4.29
 -11084.534     9.855    -5.61    5.47
 -10798.091     8.093    -6.15    5.84
 -10511.648     6.597    -5.22    5.40
 -10225.207     5.545    -3.67    5.03
  -9938.767     4.699    -2.96    4.53
  -9652.328     4.926     0.79    4.89
  -9365.890     6.908     6.92    6.00
  -9079.453     8.991     7.27    6.61
  -8793.017    10.504     5.28    6.84
  -8506.582    10.340    -0.57    6.93
  -8220.149     9.586    -2.63    7.10
  -7933.716     8.319    -4.43    7.10
  -7647.285     7.292    -3.59    7.08
  -7360.855     5.878    -4.94    6.79
  -7074.426     4.306    -5.49    6.00
  -6787.998     2.788    -5.30    4.33
  -6501.571     2.164    -2.18    3.51
  -6215.145     3.242     3.76    5.15
  -5928.721     5.028     6.23    6.25
  -5642.297     6.221     4.16    6.60
  -5355.875     7.862     5.73    6.65
  -5069.454     9.370     5.26    6.43
  -4783.034    10.611     4.33    6.10
  -4496.615    11.661     3.66    5.92
  -4210.197    11.413    -0.87    5.86
  -3923.780    11.439     0.09    5.54
  -3637.364    11.118    -1.12    5.61
  -3350.950    10.368    -2.62    5.33
  -3064.536     9.203    -4.07    5.42
  -2778.124     7.641    -5.45    5.53
  -2491.713     5.736    -6.65    5.48
  -2205.303     3.840    -6.62    4.97
  -1918.894     2.475    -4.76    4.31
  -1632.486     1.464    -3.53    3.92
  -1346.079     0.616    -2.96    3.28
  -1059.674    -0.053    -2.34    2.33
   -773.269    -0.410    -1.24    1.34
   -486.866    -0.278     0.46    1.60
   -200.463     0.088     1.28    2.43
     85.938     0.526     1.53    3.35
    372.338     1.356     2.90    4.79
    658.737     2.613     4.39    6.58
    945.135     4.129     5.29    7.73
   1231.531     5.123     3.47    7.95
   1517.927     5.285     0.57    7.55
   1804.321     5.421     0.47    7.07
   2090.715     5.547     0.44    6.46
   2377.107     6.010     1.62    5.67
   2663.498     5.970    -0.14    4.84
   2949.888     5.979     0.03    3.54
   3236.277     5.819    -0.56    3.05
   3522.665     4.908    -3.18    3.40
   3809.051     4.222    -2.40    3.54
   4095.437     3.664    -1.95    3.70
   4381.821     2.244    -4.96    4.22
   4668.205     0.737    -5.26    4.53
   4954.587    -0.791    -5.34    4.54
   5240.968    -1.417    -2.18    4.41
   5527.348    -0.889     1.84    5.23
   5813.727     0.089     3.41    5.98
   6100.104     1.743     5.78    6.19
   6386.481     3.321     5.51    5.84
   6672.857     5.156     6.41    5.46
   6959.231     6.832     5.85    5.21
   7245.604     8.271     5.02    5.22
   7531.976    10.228     6.83    5.67
   7818.347    11.923     5.92    7.15
   8104.717    13.456     5.35    7.46
   8391.086    14.535     3.77    7.22
   8677.454    14.799     0.92    6.93
   8963.821    15.222     1.48    6.96
   9250.186    15.017    -0.71    6.22
   9536.550    14.285    -2.56    5.25
   9822.914    13.926    -1.25    4.66
  10109.276    14.388     1.61    4.40
  10395.637    14.030    -1.25    4.03
  10681.997    13.408    -2.17    3.84
  10968.355    13.346    -0.22    4.08
  11254.713    14.292     3.30    4.67
  11541.070    14.995     2.46    4.67
  11827.425    14.968    -0.10    4.63
  12113.779    15.019     0.18    4.59
  12400.133    15.096     0.27    4.14
  12686.485    14.893    -0.71    3.14
  12972.836    13.963    -3.25    3.62
  13259.185    12.356    -5.61    4.61
  13545.534    10.692    -5.81    5.15
  13831.882     9.263    -4.99    4.91
  14118.228     9.028    -0.82    4.63
  14404.574     9.278     0.87    4.85
  14690.918     9.889     2.14    5.11
  14977.261    10.947     3.69    5.14
  15263.603    11.821     3.05    4.85
  15549.944    12.285     1.62    4.79
  15836.284    10.781    -5.25    5.27
  16122.623     8.403    -8.31    6.23
  16408.960     6.618    -6.23    6.26
  16695.297     6.161    -1.60    6.15
  16981.632     5.901    -0.91    5.83
  17267.966     5.107    -2.77    5.21
  17554.300     5.161     0.19    4.97
  17840.632     5.958     2.79    5.12
  18126.963     6.497     1.88    5.16
  18413.292     6.600     0.36    5.47
  18699.621     5.813    -2.75    5.74
  18985.949     5.201    -2.14    5.78
  19272.275     5.559     1.25    6.02
  19558.600     6.420     3.00    7.19
  19844.925     8.327     6.66    8.90
  20131.248    10.923     9.07   10.00
  20417.570    14.193    11.42   11.63
  20703.891    18.079    13.57   12.41
  20990.210    21.961    13.56   12.02
  21276.529    24.478     8.79   11.30
  21562.846    26.535     7.18    9.97
  21849.163    29.179     9.24    7.98
  22135.478    30.795     5.64    6.51
  22421.792    29.968    -2.89    6.18
  22708.105    27.609    -8.24    7.00
  22994.417    24.741   -10.02    7.67
  23280.728    21.873   -10.02    7.97
  23567.038    18.781   -10.80    6.72
  23853.347    17.033    -6.11    4.84
  24139.654    16.995    -0.13    4.76
  24425.961    17.133     0.48    4.67
  24712.266    17.100    -0.12    4.67
  24998.570    17.083    -0.06    4.85
  25284.873    15.416    -5.82    5.69
  25571.175    12.898    -8.80    6.73
  25857.476     9.923   -10.39    6.93
  26143.775     6.940   -10.42    7.16
  26430.074     4.214    -9.52    6.80
  26716.372     2.136    -7.26    5.45
  27002.668     0.469    -5.82    2.70
  27288.963    -0.162    -2.20    2.11
  27575.257     0.163     1.13    2.31
  27861.550     1.199     3.62    3.37
  28147.842     3.263     7.21    5.11
  28434.133     5.975     9.47    6.63
  28720.423     8.890    10.18    8.02
  29006.711    12.429    12.36    9.58
  29292.999    16.210    13.21   11.44
  29579.285    19.940    13.03   12.34
  29865.570    23.593    12.76   12.49
  30151.882    27.244    12.75   12.73
  30438.485    32.013    16.64   15.01
  30725.086    38.437    22.41   16.73
  31011.686    46.070    26.63   18.86
  31298.283    54.746    30.28   19.83
  31584.879    64.893    35.40   21.28
  31871.473    76.542    40.64   25.72
  32158.065    89.083    43.76   30.55
  32444.655   104.729    54.59   37.15
  32731.243   120.569    55.27   41.32
  33017.830   135.984    53.79   41.29
  33304.414   148.868    44.96   39.53
  33590.997   156.162    25.45   37.35
  33877.578   157.620     5.09   35.62
  34164.157   152.518   -17.81   36.98
  34450.735   142.754   -34.07   37.73
  34737.310   131.867   -37.99   35.80
  35023.884   122.929   -31.19   32.02
  35310.455   114.663   -28.84   27.92
  35597.025   105.342   -32.53   25.53
  35883.593    94.763   -36.91   24.59
  36170.159    86.044   -30.43   22.24
  36456.724    80.278   -20.12   18.19
  36743.286    77.221   -10.67   14.61
  37029.847    77.362     0.49   15.40
  37316.406    83.118    20.09   19.68
  37602.963    94.050    38.15   22.63
  37889.518   106.523    43.53   23.62
  38176.071   118.064    40.28   24.15
  38462.623   125.478    25.87   22.46
  38749.172   131.347    20.48   22.03
  39035.720   137.890    22.83   25.36
  39322.266   140.376     8.67   28.32
  39608.810   135.802   -15.96   31.76
  39895.353   127.482   -29.04   34.62
  40181.893   120.510   -24.33   34.96
  40468.432   117.420   -10.79   33.11
  40754.968   115.949    -5.13   32.29
  41041.503   119.152    11.18   34.50
  41328.036   136.040    58.94   49.24
  41614.567   156.298    70.70   54.48
  41901.097   176.999    72.25   49.91
  42187.624   194.353    60.57   41.52
  42474.150   209.285    52.11   36.33
  42760.674   223.339    49.05   35.01
  43047.196   238.214    51.92   30.46
  43333.716   245.040    23.82   25.78
  43620.234   246.682     5.73   23.49
  43906.751   244.377    -8.04   26.60
  44193.265   237.874   -22.70   32.55
  44479.778   226.554   -39.51   35.94
  44766.289   211.648   -52.03   34.42
  45052.798   197.486   -49.43   32.91
  45339.306   183.702   -48.11   33.48
  45625.811   171.319   -43.22   31.68
  45912.315   162.860   -29.53   29.47
  46198.816   157.833   -17.55   31.05
  46485.316   155.367    -8.61   36.82
  46771.814   154.042    -4.63   42.86
  47058.311   150.243   -13.26   45.67
  47344.805   148.383    -6.49   47.94
  47631.298   145.810    -8.98   47.52
  47917.788   141.881   -13.71   45.18
  48204.277   139.285    -9.06   42.66
  48490.764   137.045    -7.82   39.88
  48777.249   132.398   -16.22   38.77
  49063.733   124.442   -27.77   38.99
  49350.214   112.258   -42.53   41.08
  49636.694    98.182   -49.13   41.48
  49923.172    82.285   -55.49   37.51
  50209.648    68.992   -46.40   30.11
  50496.122    59.244   -34.03   21.01
  50782.594    59.952     2.47   23.98
  51069.065    74.342    50.23   43.36
  51355.533    99.661    88.38   61.04
  51642.000   130.505   107.67   72.56
  51928.465   165.157   120.97   74.87
  52214.928   198.923   117.87   64.99
  52501.389   227.292    99.03   46.56
  52787.849   242.411    52.78   30.54
  53074.306   247.016    16.08   25.35
  53360.762   243.961   -10.67   30.32
  53647.216   232.634   -39.54   37.59
  53933.668   214.383   -63.72   41.44
  54220.118   192.826   -75.25   39.91
  54506.567   171.688   -73.79   36.53
  54793.013   153.047   -65.07   31.89
  55079.458   139.109   -48.66   24.98
  55365.901   130.588   -29.75   18.56
  55652.342   128.435    -7.52   19.20
  55938.781   134.229    20.23   29.77
  56225.218   146.363    42.36   40.58
  56511.654   163.382    59.42   47.29
  56798.088   179.795    57.30   48.14
  57084.519   189.931    35.39   43.67
  57370.949   191.815     6.58   42.37
  57657.378   183.679   -28.41   46.92
  57943.804   165.952   -61.89   49.94
  58230.228   145.525   -71.32   45.51
  58516.651   127.457   -63.08   37.00
  58803.072   113.717   -47.97   28.57
  59089.491   105.940   -27.16   19.49
  59375.908   107.781     6.43   20.51
  59662.323   114.576    23.72   26.39
  59948.737   123.538    31.29   30.67
  60235.148   134.729    39.07   31.38
  60521.558   148.320    47.45   28.12
  60807.966   159.188    37.95   26.39
  61094.372   167.722    29.80   28.81
  61380.776   174.271    22.87   30.44
  61667.179   179.716    19.01   31.14
  61953.579   186.716    24.44   32.70
  62239.978   194.250    26.31   37.39
  62526.375   204.935    37.31   48.21
  62812.770   217.590    44.19   66.19
  63099.163   226.250    30.24   79.28
  63385.555   228.285     7.11   86.88
  63671.944   222.207   -21.22   90.72
  63958.332   210.178   -42.00   90.65
  64244.718   195.524   -51.17   83.12
  64531.102   177.139   -64.20   61.28
  64817.484   166.251   -38.02   43.02
  65103.864   165.149    -3.85   35.25
  65390.243   174.133    31.37   44.37
  65676.620   196.693    78.78   67.78
  65962.994   226.630   104.54   84.28
  66249.367   261.869   123.05   98.06
  66535.739   297.405   124.09  101.46
  66822.108   330.630   116.02   91.35
  67108.475   358.001    95.58   74.68
  67394.841   367.569    33.41   66.15
  67681.205   363.356   -14.71   63.20
  67967.567   350.710   -44.16   58.61
  68253.927   332.567   -63.36   51.39
  68540.285   314.708   -62.36   51.31
  68826.642   299.708   -52.38   49.89
  69112.997   287.761   -41.72   44.13
  69399.349   280.614   -24.96   40.30
  69685.700   277.715   -10.12   41.86
  69972.049   279.086     4.79   46.96
  70258.397   284.083    17.45   48.11
  70544.742   292.200    28.35   45.80
  70831.086   301.454    32.32   41.78
  71117.428   310.398    31.24   41.49
  71403.768   326.193    55.16   48.14
  71690.106   348.334    77.33   57.09
  71976.442   371.285    80.15   61.22
  72262.776   398.961    96.66   68.09
  72549.109   423.878    87.02   78.61
  72835.440   451.836    97.64   98.74
  73121.769   477.675    90.24  111.56
  73408.096   499.339    75.66  116.10
  73694.421   509.867    36.77  114.42
  73980.744   511.360     5.21  107.85
  74267.066   506.809   -15.89   98.85
  74553.386   490.649   -56.44   93.93
  74839.704   462.083   -99.77   89.53
  75126.020   430.454  -110.47   75.26
  75412.334   398.824  -110.47   64.81
  75698.646   369.377  -102.85   56.27
  75984.957   339.975  -102.69   57.92
  76271.266   307.222  -114.40   62.41
  76557.572   276.657  -106.75   62.81
  76843.878   251.703   -87.16   58.64
  77130.181   230.471   -74.16   49.37
  77416.482   211.368   -66.72   39.67
  77702.782   194.492   -58.94   28.48
  77989.079   183.472   -38.49   23.65
  78275.375   173.630   -34.38   21.18
  78561.669   163.026   -37.04   20.21
  78847.962   153.940   -31.74   19.08
  79134.252   150.299   -12.72   22.09
  79420.540   153.045     9.59   30.67
  79706.827   160.602    26.39   40.29
  79993.112   174.123    47.23   52.49
  80279.395   197.167    80.49   65.52
  80565.676   224.894    96.85   70.34
  80851.956   249.135    84.67   60.92
  81138.233   266.134    59.38   55.70
  81424.509   280.577    50.45   54.19
  81710.783   296.470    55.51   51.06
  81997.055   306.450    34.86   47.54
  82283.325   309.813    11.75   43.68
  82569.593   308.656    -4.04   40.63
  82855.860   306.306    -8.21   39.18
  83142.124   298.892   -25.90   39.45
  83428.387   285.889   -45.42   39.23
  83714.648   269.856   -56.01   38.77
  84000.907   255.000   -51.90   35.35
  84287.165   243.954   -38.59   30.26
  84573.420   237.652   -22.01   28.43
  84859.674   235.237    -8.44   28.77
  85145.926   240.326    17.78   33.98
  85432.176   252.952    44.11   42.88
  85718.424   273.764    72.71   50.83
  86004.670   300.704    94.12   59.13
  86290.915   332.088   109.64   67.72
  86577.157   361.474   102.66   65.30
  86863.398   383.570    77.19   53.83
  87149.637   393.083    33.24   43.64
  87435.874   392.159    -3.23   43.54
  87722.110   381.045   -38.83   51.58
  88008.343   361.792   -67.27   55.72
  88294.575   337.243   -85.76   50.64
  88580.805   313.381   -83.37   45.27
  88867.033   292.149   -74.18   42.63
  89153.259   272.683   -68.01   40.28
  89439.483   254.579   -63.25   37.40
  89725.706   237.467   -59.79   33.36
  90011.926   221.614   -55.39   28.52
  90298.145   208.479   -45.89   23.40
  90584.362   198.756   -33.97   21.66
  90870.577   189.625   -31.90   19.56
  91156.791   181.155   -29.59   18.26
  91443.002   174.156   -24.45   16.89
  91729.212   168.058   -21.31   15.30
  92015.488   162.928   -17.92   12.11
  92302.170   159.361   -12.44    9.68
