-123870.289   382.478     0.00   23.76
-123584.013   381.892    -2.05   21.70
-123297.735   379.761    -7.44   18.51
-123011.456   376.708   -10.66   16.85
-122725.175   376.997     1.01   18.16
-122438.892   381.052    14.17   24.94
-122152.608   381.703     2.27   28.76
-121866.322   379.656    -7.15   32.05
-121580.034   374.293   -18.74   35.70
-121293.744   366.892   -25.85   38.64
-121007.453   358.441   -29.52   38.44
-120721.160   351.233   -25.18   33.78
-120434.866   350.412    -2.87   31.67
-120148.569   360.711    35.97   42.33
-119862.271   378.289    61.40   52.14
-119575.972   400.750    78.45   55.90
-119289.671   422.733    76.78   53.57
-119003.367   442.618    69.46   46.00
-118717.063   456.847    49.70   35.81
-118430.756   463.465    23.12   30.01
-118144.448   462.204    -4.40   29.52
-117858.139   455.709   -22.68   32.47
-117571.827   446.047   -33.75   35.05
-117285.514   433.518   -43.76   35.33
-116999.199   421.198   -43.03   33.04
-116712.883   410.271   -38.17   29.08
-116426.564   399.595   -37.28   23.14
-116140.245   390.269   -32.57   17.49
-115853.923   382.148   -28.36   13.37
-115567.600   375.962   -21.61   11.47
-115281.275   370.590   -18.76   11.58
-114994.948   365.773   -16.82   10.72
-114708.620   361.780   -13.95    9.13
-114422.290   358.661   -10.89    6.86
-114135.958   355.926    -9.55    5.98
-113849.625   352.997   -10.23    6.40
-113563.290   350.257    -9.57    7.65
-113276.953   347.890    -8.27    8.79
-112990.614   344.300   -12.54    9.89
-112704.274   341.886    -8.43   10.15
-112417.932   341.548    -1.18   11.61
-112131.589   342.241     2.42   12.54
-111845.244   342.969     2.54   13.06
-111558.897   344.167     4.18   13.27
-111272.548   344.798     2.20   13.56
-110986.198   343.433    -4.77   15.58
-110699.846   340.200   -11.29   17.44
-110413.492   334.397   -20.26   15.79
-110127.137   330.565   -13.38   14.15
-109840.780   331.018     1.58   13.99
-109554.421   334.231    11.22   14.57
-109268.061   337.678    12.04   14.97
-108981.698   340.011     8.15   14.16
-108695.335   341.426     4.94   11.78
-108408.969   343.087     5.80   11.30
-108122.602   342.274    -2.84   13.04
-107836.233   337.906   -15.25   15.34
-107549.863   331.175   -23.51   16.91
-107263.490   324.563   -23.09   17.88
-106977.116   318.949   -19.61   18.57
-106690.741   312.761   -21.61   19.21
-106404.363   308.458   -15.02   19.55
-106117.984   305.574   -10.07   20.41
-105831.604   303.666    -6.66   20.69
-105545.221   302.447    -4.26   20.97
-105258.837   302.257    -0.66   20.45
-104972.452   304.039     6.22   18.48
-104686.064   304.266     0.79   18.36
-104399.675   304.081    -0.65   17.45
-104113.284   302.538    -5.39   18.67
-103826.892   299.779    -9.63   21.74
-103540.497   294.316   -19.07   24.00
-103254.101   289.554   -16.63   25.15
-102967.704   282.296   -25.34   27.06
-102681.305   275.332   -24.31   28.20
-102394.904   269.624   -19.93   27.40
-102108.501   265.828   -13.26   26.25
-101822.097   263.647    -7.61   27.03
-101535.690   265.025     4.81   28.68
-101249.283   267.318     8.01   28.63
-100962.873   269.081     6.16   28.11
-100676.462   269.862     2.73   26.61
-100390.049   269.469    -1.37   26.03
-100103.635   267.969    -5.24   26.43
 -99817.219   263.517   -15.54   26.58
 -99530.801   260.269   -11.34   25.60
 -99244.381   257.127   -10.97   26.23
 -98957.960   253.659   -12.11   28.46
 -98671.537   249.962   -12.91   29.84
 -98385.112   244.424   -19.33   28.63
 -98098.686   238.712   -19.94   27.66
 -97812.258   233.380   -18.62   28.13
 -97525.828   229.699   -12.85   27.38
 -97239.397   226.585   -10.87   26.33
 -96952.964   222.770   -13.32   22.86
 -96666.529   219.905   -10.00   20.88
 -96380.092   218.968    -3.27   21.88
 -96093.654   218.074    -3.12   22.84
 -95807.214   220.574     8.73   25.14
 -95520.773   220.604     0.10   23.80
 -95234.330   221.051     1.56   24.15
 -94947.885   221.490     1.53   24.31
 -94661.438   223.895     8.40   25.76
 -94374.990   224.466     1.99   25.63
 -94088.540   222.073    -8.36   23.90
 -93802.088   219.342    -9.53   21.72
 -93515.635   219.976     2.21   19.62
 -93229.179   221.067     3.81   18.58
 -92942.723   220.082    -3.44   16.89
 -92656.264   216.742   -11.66   17.39
 -92369.804   216.053    -2.40   18.06
 -92083.342   217.067     3.54   19.37
 -91796.879   216.919    -0.51   21.22
 -91510.413   216.524    -1.38   24.06
 -91223.946   219.462    10.26   27.82
 -90937.478   223.693    14.77   28.25
 -90651.008   223.604    -0.31   30.04
 -90364.536   221.401    -7.69   33.49
 -90078.062   220.183    -4.25   36.43
 -89791.586   217.774    -8.41   38.73
 -89505.109   213.497   -14.93   39.63
 -89218.631   208.904   -16.03   37.92
 -88932.150   205.623   -11.45   37.44
 -88645.668   205.125    -1.74   37.84
 -88359.184   204.543    -2.03   38.07
 -88072.699   203.847    -2.43   37.69
 -87786.211   199.618   -14.76   37.56
 -87499.722   191.679   -27.71   38.14
 -87213.232   183.073   -30.04   37.78
 -86926.739   176.554   -22.75   34.63
 -86640.245   168.541   -27.97   29.31
 -86353.750   161.146   -25.81   23.20
 -86067.252   154.395   -23.56   17.98
 -85780.753   149.341   -17.64   15.06
 -85494.253   144.976   -15.24   13.14
 -85207.750   141.570   -11.89   10.59
 -84921.246   138.318   -11.35    8.50
 -84634.740   135.144   -11.08    8.30
 -84348.232   131.865   -11.44    8.13
 -84061.723   130.159    -5.95    7.84
 -83775.212   130.180     0.07    8.72
 -83488.700   129.805    -1.31   10.18
 -83202.185   130.465     2.30   12.86
 -82915.669   131.906     5.03   15.97
 -82629.152   135.724    13.33   20.75
 -82342.632   142.425    23.39   26.99
 -82056.111   149.949    26.26   32.44
 -81769.588   159.275    32.55   38.80
 -81483.064   170.147    37.94   45.38
 -81196.538   182.292    42.39   49.69
 -80910.010   192.562    35.84   50.10
 -80623.480   198.375    20.29   46.89
 -80336.949   200.817     8.52   41.65
 -80050.416   196.898   -13.68   36.09
 -79763.881   189.302   -26.51   34.82
 -79477.345   179.203   -35.25   34.18
 -79190.807   168.405   -37.68   28.20
 -78904.267   161.250   -24.97   22.73
 -78617.726   161.587     1.17   28.98
 -78331.183   166.913    18.59   37.81
 -78044.638   177.120    35.62   45.34
 -77758.092   186.661    33.30   47.72
 -77471.543   191.774    17.85   44.42
 -77184.994   198.469    23.36   41.60
 -76898.442   204.507    21.07   37.71
 -76611.889   207.514    10.49   33.30
 -76325.334   205.550    -6.85   26.82
 -76038.777   203.335    -7.73   24.04
 -75752.219   202.547    -2.75   23.95
 -75465.659   201.359    -4.15   27.31
 -75179.097   195.302   -21.14   30.96
 -74892.534   184.675   -37.08   36.65
 -74605.968   175.093   -33.44   40.22
 -74319.402   166.332   -30.57   38.81
 -74032.833   161.126   -18.17   37.29
 -73746.263   160.248    -3.06   38.56
 -73459.691   164.452    14.67   43.34
 -73173.117   173.514    31.62   48.64
 -72886.593   184.949    39.91   50.37
 -72600.303   194.307    32.69   45.91
 -72314.013   196.780     8.64   31.67
 -72027.721   195.088    -5.91   22.03
 -71741.429   192.281    -9.81   18.23
 -71455.135   188.570   -12.96   17.22
 -71168.841   182.560   -20.99   17.96
 -70882.545   174.898   -26.76   19.14
 -70596.249   167.226   -26.80   20.32
 -70309.951   157.656   -33.42   22.34
 -70023.653   146.546   -38.81   23.06
 -69737.354   135.814   -37.49   23.98
 -69451.054   126.800   -31.48   23.09
 -69164.752   120.187   -23.10   21.51
 -68878.450   117.318   -10.02   20.56
 -68592.147   120.850    12.33   33.72
 -68305.843   132.761    41.60   50.21
 -68019.538   150.343    61.41   62.72
 -67733.232   172.127    76.08   65.92
 -67446.925   194.037    76.53   60.85
 -67160.617   215.833    76.13   51.83
 -66874.308   233.282    60.94   41.77
 -66587.998   242.819    33.31   32.82
 -66301.687   245.194     8.30   24.05
 -66015.375   243.588    -5.61   19.81
 -65729.063   242.867    -2.52   23.10
 -65442.749   247.721    16.95   29.14
 -65156.434   257.761    35.07   35.03
 -64870.118   265.663    27.60   36.01
 -64583.802   268.469     9.80   33.95
 -64297.484   268.729     0.91   30.77
 -64011.165   264.717   -14.01   30.13
 -63724.846   254.462   -35.82   29.05
 -63438.525   242.726   -40.99   29.61
 -63152.204   231.095   -40.62   25.67
 -62865.881   224.321   -23.66   24.07
 -62579.558   221.153   -11.06   26.36
 -62293.234   218.060   -10.80   27.52
 -62006.908   217.075    -3.44   28.73
 -61720.582   216.749    -1.14   30.25
 -61434.255   214.124    -9.17   30.48
 -61147.926   206.073   -28.12   29.88
 -60861.597   199.024   -24.62   26.96
 -60575.267   193.065   -20.81   27.02
 -60288.936   186.383   -23.34   27.78
 -60002.604   179.092   -25.46   26.83
 -59716.270   171.425   -26.78   25.15
 -59429.936   163.298   -28.38   26.29
 -59143.601   153.983   -32.53   26.31
 -58857.265   145.983   -27.94   23.45
 -58570.928   140.794   -18.12   20.31
 -58284.590   137.576   -11.24   18.48
 -57998.252   133.524   -14.15   16.73
 -57711.912   128.837   -16.37   16.30
 -57425.571   125.804   -10.59   16.27
 -57139.229   122.095   -12.95   17.14
 -56852.886   117.504   -16.03   17.44
 -56566.543   112.962   -15.86   15.74
 -56280.198   110.067   -10.11   14.98
 -55993.852   108.525    -5.38   15.17
 -55707.506   109.394     3.03   17.41
 -55421.158   112.554    11.04   21.48
 -55134.809   114.543     6.95   25.84
 -54848.460   116.673     7.44   29.38
 -54562.109   117.954     4.48   30.30
 -54275.758   119.568     5.64   29.55
 -53989.406   118.363    -4.21   27.70
 -53703.052   113.983   -15.30   24.80
 -53416.698   108.017   -20.84   22.50
 -53130.342   100.366   -26.72   19.48
 -52843.986    94.175   -21.62   16.02
 -52557.629    93.194    -3.43   17.51
 -52271.271    97.915    16.49   25.68
 -51984.911   107.113    32.12   33.79
 -51698.551   118.724    40.55   37.98
 -51412.190   129.983    39.32   36.36
 -51125.828   140.321    36.10   29.08
 -50839.465   148.092    27.14   19.66
 -50553.101   154.812    23.46   17.85
 -50266.736   161.809    24.44   22.17
 -49980.370   169.906    28.28   27.29
 -49694.003   179.857    34.75   32.72
 -49407.635   191.351    40.14   32.91
 -49121.266   200.250    31.07   27.66
 -48834.896   204.300    14.14   23.22
 -48548.526   202.969    -4.65   24.02
 -48262.154   195.706   -25.36   27.04
 -47975.781   182.486   -46.16   31.75
 -47689.407   168.309   -49.51   31.27
 -47403.033   156.457   -41.38   25.37
 -47116.657   146.975   -33.11   21.23
 -46830.281   138.004   -31.33   20.06
 -46543.903   128.208   -34.21   18.37
 -46257.524   121.217   -24.41   16.90
 -45971.145   116.781   -15.49   15.76
 -45684.764   113.010   -13.17   14.38
 -45398.383   109.616   -11.85   12.32
 -45112.001   105.799   -13.33   10.23
 -44825.617   102.194   -12.59    9.74
 -44539.233    99.228   -10.36    9.62
 -44252.848    96.452    -9.69    9.82
 -43966.461    93.617    -9.90   10.22
 -43680.074    91.353    -7.91    9.48
 -43393.686    88.408   -10.29    8.11
 -43107.297    86.319    -7.29    7.92
 -42820.907    84.121    -7.67    7.40
 -42534.515    81.274    -9.94    7.51
 -42248.123    79.759    -5.29    7.85
 -41961.730    77.398    -8.24    8.73
 -41675.336    74.075   -11.60    7.97
 -41388.941    71.250    -9.86    9.15
 -41102.545    67.103   -14.48   10.86
 -40816.148    62.919   -14.61   11.40
 -40529.751    59.440   -12.15   10.87
 -40243.352    57.763    -5.86   10.05
 -39956.952    58.675     3.19   12.23
 -39670.551    61.254     9.00   14.75
 -39384.149    65.318    14.19   16.57
 -39097.747    69.764    15.52   17.46
 -38811.343    73.689    13.70   16.92
 -38524.938    75.367     5.86   15.31
 -38238.533    74.156    -4.23   14.76
 -37952.126    72.079    -7.25   14.66
 -37665.718    70.376    -5.95   13.31
 -37379.310    67.562    -9.82   11.78
 -37092.900    64.168   -11.85    9.15
 -36806.490    62.065    -7.34    7.62
 -36520.079    61.528    -1.88    7.13
 -36233.666    61.497    -0.11    6.49
 -35947.253    60.969    -1.84    5.73
 -35660.838    60.274    -2.43    5.26
 -35374.423    59.074    -4.19    5.88
 -35088.007    56.659    -8.43    7.53
 -34801.590    53.109   -12.39    8.67
 -34515.171    49.061   -14.13    8.50
 -34228.752    45.875   -11.13    7.64
 -33942.332    43.440    -8.50    6.56
 -33655.911    42.033    -4.91    5.31
 -33369.489    41.160    -3.05    4.70
 -33083.066    40.595    -1.97    5.41
 -32796.642    39.919    -2.36    6.94
 -32510.217    38.032    -6.59    8.90
 -32223.791    35.642    -8.34   10.19
 -31937.364    32.649   -10.45   10.46
 -31650.936    29.563   -10.77    9.02
 -31364.507    27.850    -5.98    6.89
 -31078.078    26.652    -4.18    5.62
 -30791.647    25.147    -5.25    5.58
 -30505.215    23.538    -5.62    6.67
 -30218.782    22.413    -3.93    6.77
 -29932.349    20.948    -5.11    6.44
 -29645.914    20.058    -3.11    5.71
 -29359.478    19.949    -0.38    5.09
 -29073.042    20.418     1.64    4.34
 -28786.604    20.348    -0.25    4.06
 -28500.166    19.643    -2.46    4.21
 -28213.726    18.915    -2.54    4.37
 -27927.286    18.168    -2.61    4.21
 -27640.844    17.431    -2.57    3.84
 -27354.402    17.117    -1.10    3.65
 -27067.959    17.254     0.48    3.98
 -26781.514    16.875    -1.32    4.57
 -26495.069    15.903    -3.39    4.90
 -26208.623    14.472    -5.00    4.64
 -25922.175    12.976    -5.22    4.21
 -25635.727    11.493    -5.17    4.35
 -25349.278    10.208    -4.49    4.39
 -25062.828     9.539    -2.34    4.16
 -24776.377     8.821    -2.51    4.01
 -24489.925     7.638    -4.13    3.51
 -24203.472     6.794    -2.95    3.05
 -23917.018     6.281    -1.79    2.94
 -23630.563     5.983    -1.04    2.69
 -23344.107     5.976    -0.02    2.61
 -23057.650     6.466     1.71    3.14
 -22771.192     7.797     4.65    4.90
 -22484.733     9.561     6.16    6.71
 -22198.273    11.520     6.84    7.66
 -21911.812    13.373     6.47    7.86
 -21625.351    14.194     2.86    7.44
 -21338.888    13.854    -1.19    6.74
 -21052.424    12.569    -4.48    6.21
 -20765.960    10.663    -6.65    6.46
 -20479.494     8.627    -7.11    6.09
 -20193.027     6.879    -6.10    5.46
 -19906.560     5.504    -4.80    5.11
 -19620.091     4.968    -1.87    5.56
 -19333.622     4.649    -1.11    6.08
 -19047.151     4.588    -0.21    6.33
 -18760.680     4.645     0.20    6.49
 -18474.207     4.820     0.61    6.36
 -18187.734     5.046     0.79    6.13
 -17901.260     4.743    -1.06    5.38
 -17614.784     4.274    -1.64    3.96
 -17328.308     4.850     2.01    3.59
 -17041.831     5.215     1.27    3.23
 -16755.353     5.483     0.93    3.24
 -16468.873     4.962    -1.82    4.00
 -16182.393     4.081    -3.08    4.19
 -15895.912     3.163    -3.20    4.43
 -15609.430     3.024    -0.49    4.54
 -15322.947     3.153     0.45    4.44
 -15036.463     3.275     0.43    4.59
 -14749.978     3.819     1.90    4.85
 -14463.492     3.963     0.50    5.02
 -14177.005     3.500    -1.61    4.52
 -13890.517     2.153    -4.70    3.32
 -13604.028     1.214    -3.28    3.15
 -13317.539     0.697    -1.80    2.89
 -13031.048     0.857     0.56    3.07
 -12744.556     0.743    -0.40    3.49
 -12458.063     0.850     0.37    3.90
 -12171.569     0.401    -1.57    4.07
 -11885.075     0.276    -0.44    4.02
 -11598.579     0.074    -0.71    4.05
 -11312.082    -0.649    -2.52    3.99
 -11025.619    -1.767    -3.90    4.20
 -10739.245    -3.489    -6.01    4.31
 -10452.871    -4.729    -4.33    4.05
 -10166.496    -5.904    -4.10    3.64
  -9880.122    -6.656    -2.63    3.75
  -9593.747    -7.039    -1.34    3.85
  -9307.371    -6.783     0.89    4.09
  -9020.996    -4.755     7.08    6.08
  -8734.620    -2.010     9.58    7.58
  -8448.243     0.846     9.97    8.92
  -8161.867     4.525    12.85   10.57
  -7875.490     8.254    13.02   11.76
  -7589.113    10.961     9.45   11.28
  -7302.735    12.061     3.84   10.42
  -7016.357    10.947    -3.89   10.30
  -6729.979     9.529    -4.95    9.43
  -6443.601     7.757    -6.19    7.55
  -6157.222     5.812    -6.79    5.09
  -5870.843     4.766    -3.65    3.56
  -5584.463     4.018    -2.61    1.96
  -5298.083     4.039     0.07    1.82
  -5011.703     4.323     0.99    1.64
  -4725.323     4.638     1.10    1.79
  -4438.942     4.852     0.75    2.19
  -4152.561     4.858     0.02    2.74
  -3866.180     4.850    -0.03    2.92
  -3579.798     5.240     1.36    2.60
  -3293.416     5.747     1.77    2.76
  -3007.034     6.126     1.32    2.89
  -2720.651     6.353     0.79    3.05
  -2434.268     6.832     1.67    3.39
  -2147.885     7.675     2.94    3.70
  -1861.501     8.690     3.55    3.59
  -1575.117     8.541    -0.52    4.72
  -1288.733     7.786    -2.64    5.78
  -1002.348     6.548    -4.32    6.71
   -715.964     5.622    -3.23    7.55
   -429.578     4.764    -3.00    7.79
   -143.193     3.675    -3.80    7.25
    143.193     2.636    -3.63    6.60
    429.579     2.010    -2.18    5.90
    715.966     1.436    -2.01    5.09
   1002.352     1.250    -0.65    4.78
   1288.739     1.586     1.17    5.35
   1575.127     1.935     1.22    5.77
   1861.515     2.376     1.54    6.41
   2147.903     3.066     2.41    7.03
   2434.291     3.928     3.01    7.30
   2720.680     4.618     2.41    7.33
   3007.069     5.316     2.44    7.41
   3293.458     6.235     3.21    7.48
   3579.848     6.779     1.90    7.32
   3866.238     7.387     2.12    6.85
   4152.628     7.661     0.96    6.31
   4439.019     7.065    -2.08    5.82
   4725.409     6.003    -3.71    5.09
   5011.801     5.806    -0.69    4.53
   5298.192     6.066     0.91    4.32
   5584.584     6.080     0.05    4.40
   5870.976     6.186     0.37    4.26
   6157.369     6.130    -0.20    3.95
   6443.762     5.906    -0.78    4.09
   6730.155     5.574    -1.16    4.01
   7016.548     5.339    -0.82    3.59
   7302.942     5.179    -0.56    3.19
   7589.336     4.961    -0.76    3.28
   7875.731     5.194     0.81    3.58
   8162.125     5.870     2.36    3.72
   8448.520     6.419     1.92    4.44
   8734.916     6.713     1.03    4.86
   9021.311     6.749     0.12    5.70
   9307.707     6.103    -2.25    6.51
   9594.104     5.883    -0.77    7.13
   9880.500     5.940     0.20    7.61
  10166.897     5.961     0.07    7.69
  10453.295     5.668    -1.02    7.39
  10739.692     5.103    -1.97    6.90
  11026.090     4.397    -2.47    5.68
  11312.489     3.997    -1.40    4.60
  11598.887     3.387    -2.13    4.24
  11885.286     2.818    -1.99    4.24
  12171.685     2.261    -1.95    4.07
  12458.085     1.883    -1.32    3.66
  12744.485     2.522     2.23    3.52
  13030.885     3.018     1.73    3.22
  13317.285     3.490     1.65    2.42
  13603.686     3.712     0.78    1.87
  13890.087     2.920    -2.77    3.31
  14176.488     1.158    -6.15    4.86
  14462.890    -0.574    -6.04    5.65
  14749.292    -1.743    -4.08    5.66
  15035.695    -3.308    -5.47    5.38
  15322.097    -4.741    -5.00    4.58
  15608.500    -4.592     0.52    4.77
  15894.904    -3.132     5.10    5.38
  16181.307    -1.294     6.42    5.46
  16467.711    -0.045     4.36    5.07
  16754.116     2.145     7.65    6.69
  17040.520     6.045    13.62    8.13
  17326.925     8.997    10.30    8.84
  17613.330    11.355     8.24    9.06
  17899.736    13.018     5.80    8.31
  18186.142    14.088     3.74    7.58
  18472.548    15.367     4.47    6.33
  18758.955    15.074    -1.03    5.87
  19045.361    13.314    -6.14    5.64
  19331.769    12.010    -4.55    5.29
  19618.176    12.051     0.14    5.32
  19904.584    11.771    -0.98    5.32
  20190.992    10.846    -3.23    5.13
  20477.400     9.531    -4.59    5.18
  20763.809     8.372    -4.05    5.03
  21050.218     7.928    -1.55    5.24
  21336.628     7.274    -2.28    5.07
  21623.037     6.895    -1.32    4.86
  21909.447     6.922     0.09    5.26
  22195.858     7.486     1.97    5.84
  22482.268     8.180     2.42    5.95
  22768.679     9.167     3.44    5.97
  23055.091    10.362     4.17    5.87
  23341.502    11.273     3.18    5.49
  23627.914    11.846     2.00    5.23
  23914.326    11.709    -0.48    5.02
  24200.739    10.832    -3.06    4.75
  24487.152     9.582    -4.37    4.84
  24773.565     7.814    -6.17    4.82
  25059.979     6.414    -4.89    4.38
  25346.392     5.134    -4.47    4.16
  25632.807     4.247    -3.10    3.81
  25919.221     4.284     0.13    3.90
  26205.636     4.127    -0.55    3.80
  26492.051     3.538    -2.06    4.00
  26778.466     2.595    -3.29    4.49
  27064.882     1.295    -4.54    4.69
  27351.298     0.844    -1.58    5.00
  27637.715     0.580    -0.92    5.17
  27924.131     0.873     1.02    5.30
  28210.548     1.462     2.06    5.14
  28496.966     2.558     3.83    4.81
  28783.383     4.113     5.43    4.18
  29069.801     4.831     2.51    3.57
  29356.220     3.714    -3.90    4.31
  29642.638     1.962    -6.12    4.92
  29929.057     0.377    -5.53    5.13
  30215.477    -0.696    -3.75    5.27
  30501.896    -0.344     1.23    6.20
  30788.316     0.742     3.79    7.41
  31074.736     2.827     7.28    8.73
  31361.157     5.138     8.07    9.08
  31647.578     7.325     7.64    8.61
  31933.999     9.703     8.30    8.02
  32220.420    11.837     7.45    7.35
  32506.842    12.703     3.02    6.90
  32793.264    13.109     1.42    6.30
  33079.687    12.807    -1.05    5.48
  33366.109    12.250    -1.94    5.64
  33652.532    11.391    -3.00    6.15
  33938.956    10.146    -4.35    6.08
  34225.380     8.486    -5.79    5.65
  34511.804     6.962    -5.32    5.69
  34798.228     5.384    -5.51    6.30
  35084.653     3.621    -6.16    6.64
  35371.078     1.898    -6.02    6.45
  35657.503    -0.139    -7.11    5.32
  35943.929    -2.110    -6.88    4.53
  36230.355    -3.783    -5.84    4.35
  36516.781    -5.258    -5.15    4.03
  36803.207    -6.651    -4.86    3.55
  37089.634    -7.743    -3.81    3.25
  37376.062    -8.912    -4.08    2.81
  37662.489    -9.402    -1.71    2.62
  37948.917    -9.598    -0.68    2.43
  38235.345    -9.437     0.56    2.58
