# NaN NaN NaN ;Mean Elev.(m), Avg Gradient(m/km), RMS Gradient(m/km) - SRTM1     
#   -2.256  -6.933  13.574 ;Mean Elev.(m), Avg Gradient(m/km), RMS Gradient(m/km) - ASTER GDEM
#   36.076  -0.306   3.717 ;Mean Elev.(m), Avg Gradient(m/km), RMS Gradient(m/km) - GMTED2010 
   2    29.469 54673.07045222 25.78 151.069474  66.130895 14.092 -100.00 -100.00 -100.00
   2    23.434 54673.07045281 29.88 151.075952  66.130794 28.488 -100.00 -100.00 -100.00
   4    32.359 54692.90173776 20.99 151.066857  66.132806 10.982 -100.00 -100.00 -100.00
   4    32.155 54692.90173836 20.61 151.073335  66.132706 10.274 -100.00 -100.00 -100.00
   6    29.688 54712.73302685 26.57 151.070285  66.130322 23.965 -100.00 -100.00 -100.00
   6    31.762 54712.73302745 20.99 151.076762  66.130221 10.211 -100.00 -100.00 -100.00
   8    24.666 54732.56432606 50.21 151.068773  66.127829   -100 -100.00 -100.00 -100.00
   8    24.472 54732.56432665 53.14 151.075249  66.127729 26.418 -100.00 -100.00 -100.00
   8    24.629 54732.56432724 49.25 151.081725  66.127628  4.966 -100.00 -100.00 -100.00
   9    25.315 54742.47997305 45.82 151.070475  66.128543 26.900 -100.00 -100.00 -100.00
   9    24.827 54742.47997364 51.26 151.076951  66.128442   -100 -100.00 -100.00 -100.00
  10    29.289 54752.39561961 38.89 151.069548  66.129308   -100 -100.00 -100.00 -100.00
  10    22.747 54752.39562020 43.64 151.076025  66.129208   -100 -100.00 -100.00 -100.00
  11    29.024 54762.31126572 39.54 151.067127  66.129188 27.605 -100.00 -100.00 -100.00
  11    22.766 54762.31126631 41.75 151.073604  66.129087 25.670 -100.00 -100.00 -100.00
  11    21.988 54762.31126690 43.16 151.080081  66.128986   -100 -100.00 -100.00 -100.00
  12    21.892 54772.22690947 39.40 151.065741  66.127857   -100 -100.00 -100.00 -100.00
  12    21.935 54772.22691006 40.58 151.072218  66.127756   -100 -100.00 -100.00 -100.00
  12    21.915 54772.22691065 41.65 151.078695  66.127655   -100 -100.00 -100.00 -100.00
  13    21.930 54782.14255081 39.48 151.070308  66.126692   -100 -100.00 -100.00 -100.00
  13    22.626 54782.14255140 39.73 151.076785  66.126591 20.453 -100.00 -100.00 -100.00
  13    21.800 54782.14255199 39.36 151.083262  66.126490   -100 -100.00 -100.00 -100.00
  14    22.026 54792.05818875 37.13 151.064941  66.126751 28.148 -100.00 -100.00 -100.00
  14    22.319 54792.05818934 37.62 151.071418  66.126650 15.572 -100.00 -100.00 -100.00
  14    23.314 54792.05818993 38.73 151.077895  66.126550 15.070 -100.00 -100.00 -100.00
  14    22.102 54792.05819052 34.29 151.084372  66.126449 23.450 -100.00 -100.00 -100.00
  15    22.036 54801.97382623 36.53 151.066549  66.128125 27.449 -100.00 -100.00 -100.00
  15    23.464 54801.97382682 36.61 151.073027  66.128025 12.871 -100.00 -100.00 -100.00
  15    22.286 54801.97382741 32.44 151.079504  66.127924 13.666 -100.00 -100.00 -100.00
  16    22.115 54811.88946372 35.52 151.069251  66.129412 21.540 -100.00 -100.00 -100.00
  16    22.805 54811.88946431 35.99 151.075728  66.129311 16.397 -100.00 -100.00 -100.00
  17    29.300 54821.80510493 26.83 151.064648  66.130057  8.923 -100.00 -100.00 -100.00
  17    21.933 54821.80510552 32.63 151.071125  66.129957 21.348 -100.00 -100.00 -100.00
  17    22.209 54821.80510611 33.97 151.077603  66.129857 19.666 -100.00 -100.00 -100.00
  18    28.147 54831.72075720 30.81 151.066535  66.129585 15.762 -100.00 -100.00 -100.00
  18    22.807 54831.72075779 32.78 151.073012  66.129485 16.446 -100.00 -100.00 -100.00
  18    21.973 54831.72075838 35.13 151.079489  66.129384 32.733 -100.00 -100.00 -100.00
  19    22.536 54841.63639607 32.73 151.068856  66.129570 16.468 -100.00 -100.00 -100.00
  19    21.862 54841.63639666 32.66 151.075333  66.129470 22.756 -100.00 -100.00 -100.00
  20    21.697 54851.55204511 32.79 151.070036  66.130602 23.554 -100.00 -100.00 -100.00
  20    21.965 54851.55204570 30.90 151.076513  66.130501 18.132 -100.00 -100.00 -100.00
  21    29.115 54861.46769351 25.29 151.068313  66.132186  8.319 -100.00 -100.00 -100.00
  21    29.135 54861.46769410 24.51 151.074791  66.132086  6.596 -100.00 -100.00 -100.00
  22    29.502 54871.38334223 23.15 151.069653  66.132891  5.071 -100.00 -100.00 -100.00
  22    29.231 54871.38334283 23.45 151.076131  66.132790  4.906 -100.00 -100.00 -100.00
  23    29.372 54881.29898874 22.96 151.064216  66.131755  5.867 -100.00 -100.00 -100.00
  23    29.308 54881.29898933 24.05 151.070694  66.131654  7.987 -100.00 -100.00 -100.00
  23    29.087 54881.29898992 23.25 151.077172  66.131553  6.699 -100.00 -100.00 -100.00
  24    30.000 54891.21463251 21.02 151.064456  66.129195  4.399 -100.00 -100.00 -100.00
  24    30.137 54891.21463310 21.28 151.070933  66.129094  4.455 -100.00 -100.00 -100.00
  24    30.125 54891.21463369 20.55 151.077411  66.128994  4.251 -100.00 -100.00 -100.00
  25    30.262 54901.13027335 21.74 151.064662  66.127065  4.705 -100.00 -100.00 -100.00
  25    30.132 54901.13027394 21.50 151.071139  66.126965  4.345 -100.00 -100.00 -100.00
  25    30.192 54901.13027453 21.48 151.077616  66.126864  4.571 -100.00 -100.00 -100.00
  25    29.689 54901.13027512 21.07 151.084093  66.126763  4.200 -100.00 -100.00 -100.00
  26    30.318 54911.04591280 19.93 151.069594  66.127121  5.620 -100.00 -100.00 -100.00
  26    29.920 54911.04591339 19.38 151.076071  66.127020  4.224 -100.00 -100.00 -100.00
  26    29.544 54911.04591398 20.12 151.082548  66.126919  6.522 -100.00 -100.00 -100.00
  27    30.298 54920.96155048 18.94 151.067802  66.128758  5.207 -100.00 -100.00 -100.00
  27    29.950 54920.96155108 18.90 151.074279  66.128657  4.433 -100.00 -100.00 -100.00
  27    29.819 54920.96155167 18.44 151.080756  66.128556  4.254 -100.00 -100.00 -100.00
  28    30.202 54930.87718793 19.66 151.069464  66.129882  4.776 -100.00 -100.00 -100.00
  28    30.107 54930.87718852 19.21 151.075942  66.129782  5.285 -100.00 -100.00 -100.00
  29    30.205 54940.79282345 17.91 151.064447  66.129222  4.961 -100.00 -100.00 -100.00
  29    29.912 54940.79282404 17.93 151.070924  66.129122  5.108 -100.00 -100.00 -100.00
  29    30.314 54940.79282463 17.87 151.077400  66.129021  4.848 -100.00 -100.00 -100.00
  30    30.241 54950.70845820 17.87 151.069027  66.127340  4.383 -100.00 -100.00 -100.00
  30    29.903 54950.70845879 17.95 151.075503  66.127240  5.018 -100.00 -100.00 -100.00
  30    29.565 54950.70845938 17.86 151.081979  66.127139  5.225 -100.00 -100.00 -100.00
  31    23.493 54960.62409843 37.03 151.069257  66.126009  5.260 -100.00 -100.00 -100.00
  31    23.527 54960.62409902 34.99 151.075733  66.125909   -100 -100.00 -100.00 -100.00
  31    23.691 54960.62409961 35.10 151.082208  66.125808   -100 -100.00 -100.00 -100.00
  32    29.239 54970.53974708 45.22 151.069387  66.126681   -100 -100.00 -100.00 -100.00
  32    24.232 54970.53974767 48.91 151.075862  66.126580 29.000 -100.00 -100.00 -100.00
  32    24.385 54970.53974826 49.26 151.082338  66.126480   -100 -100.00 -100.00 -100.00
  33    28.345 54980.45539453 45.99 151.069552  66.128449 30.349 -100.00 -100.00 -100.00
  33    28.084 54980.45539512 51.33 151.076029  66.128349   -100 -100.00 -100.00 -100.00
  35    29.992 55000.28668832 31.74 151.065126  66.130150 30.368 -100.00 -100.00 -100.00
  35    29.459 55000.28668891 29.91 151.071603  66.130050   -100 -100.00 -100.00 -100.00
  35    31.602 55000.28668951 23.00 151.078080  66.129949 11.511 -100.00 -100.00 -100.00
  36    29.520 55010.20233383 35.02 151.067879  66.129831   -100 -100.00 -100.00 -100.00
  36    23.718 55010.20233442 35.92 151.074356  66.129730   -100 -100.00 -100.00 -100.00
  36    24.085 55010.20233501 30.69 151.080833  66.129630 22.940 -100.00 -100.00 -100.00
  37    29.539 55020.11797725 35.76 151.065314  66.129673   -100 -100.00 -100.00 -100.00
  37    29.351 55020.11797784 30.48 151.071791  66.129572   -100 -100.00 -100.00 -100.00
  37    28.991 55020.11797843 28.16 151.078268  66.129471 21.520 -100.00 -100.00 -100.00
  38    29.260 55030.03361965 40.97 151.064880  66.130687   -100 -100.00 -100.00 -100.00
  38    23.567 55030.03362024 45.14 151.071357  66.130586   -100 -100.00 -100.00 -100.00
  38    23.603 55030.03362083 47.09 151.077834  66.130486   -100 -100.00 -100.00 -100.00
  39    39.394 55039.94926167 37.91 151.067270  66.132007 30.223 -100.00 -100.00 -100.00
  39    23.242 55039.94926226 43.11 151.073747  66.131906 20.095 -100.00 -100.00 -100.00
  40    32.414 55049.86490218 19.08 151.067957  66.132736  8.524 -100.00 -100.00 -100.00
  40    31.986 55049.86490277 19.42 151.074435  66.132635  8.823 -100.00 -100.00 -100.00
  41    29.269 55059.78054062 25.07 151.068973  66.131511 11.793 -100.00 -100.00 -100.00
  41    29.107 55059.78054121 22.63 151.075450  66.131411  9.529 -100.00 -100.00 -100.00
  42    24.343 55069.69618079 44.10 151.066842  66.128976 19.738 -100.00 -100.00 -100.00
  42    23.346 55069.69618138 47.33 151.073319  66.128875 19.616 -100.00 -100.00 -100.00
  42    23.470 55069.69618197 50.87 151.079795  66.128775 18.110 -100.00 -100.00 -100.00
  43    29.308 55079.61183055 34.93 151.069602  66.126687   -100 -100.00 -100.00 -100.00
  43    28.936 55079.61183115 33.44 151.076078  66.126587   -100 -100.00 -100.00 -100.00
  43    28.755 55079.61183174 36.83 151.082554  66.126486   -100 -100.00 -100.00 -100.00
  44    26.472 55089.52747764 52.26 151.064991  66.126625 13.672 -100.00 -100.00 -100.00
  44    26.596 55089.52747823 50.12 151.071467  66.126525  2.433 -100.00 -100.00 -100.00
  44    26.366 55089.52747882 52.33 151.077943  66.126424   -100 -100.00 -100.00 -100.00
  44    26.605 55089.52747942 49.30 151.084418  66.126323 20.025 -100.00 -100.00 -100.00
  45    23.142 55099.44312437 38.12 151.069725  66.128217   -100 -100.00 -100.00 -100.00
  45    23.011 55099.44312496 43.23 151.076201  66.128117 19.345 -100.00 -100.00 -100.00
  46    31.573 55109.35877019 27.63 151.070252  66.129887 13.042 -100.00 -100.00 -100.00
  46    31.534 55109.35877078 25.99 151.076729  66.129786 10.861 -100.00 -100.00 -100.00
  47    22.194 55119.27441443 39.73 151.067961  66.129604 23.725 -100.00 -100.00 -100.00
  47    21.953 55119.27441502 42.07 151.074438  66.129504 32.219 -100.00 -100.00 -100.00
  47    21.859 55119.27441561 38.90 151.080915  66.129403   -100 -100.00 -100.00 -100.00
  48    22.084 55129.19005613 35.74 151.065058  66.127538 30.459 -100.00 -100.00 -100.00
  48    22.067 55129.19005672 38.64 151.071535  66.127438   -100 -100.00 -100.00 -100.00
  48    22.172 55129.19005731 44.09 151.078011  66.127337   -100 -100.00 -100.00 -100.00
  49    22.204 55139.10569630 33.10 151.067659  66.125609 22.213 -100.00 -100.00 -100.00
  49    28.243 55139.10569689 33.22 151.074135  66.125509 17.136 -100.00 -100.00 -100.00
  49    21.920 55139.10569748 35.11 151.080612  66.125408   -100 -100.00 -100.00 -100.00
  50    22.026 55149.02133478 29.30 151.066024  66.126008 23.690 -100.00 -100.00 -100.00
  50    21.460 55149.02133537 29.29 151.072501  66.125908 21.745 -100.00 -100.00 -100.00
  50    22.124 55149.02133596 32.18 151.078977  66.125807 27.943 -100.00 -100.00 -100.00
  50    21.556 55149.02133655 28.79 151.085454  66.125706   -100 -100.00 -100.00 -100.00
  51    22.084 55158.93697327 30.30 151.068987  66.128296 29.851 -100.00 -100.00 -100.00
  51    21.879 55158.93697386 34.22 151.075464  66.128196   -100 -100.00 -100.00 -100.00
  51    22.194 55158.93697445 33.62 151.081941  66.128095   -100 -100.00 -100.00 -100.00
  52    23.288 55168.85261123 27.96 151.069392  66.130435 12.384 -100.00 -100.00 -100.00
  52    21.825 55168.85261182 31.38 151.075870  66.130335   -100 -100.00 -100.00 -100.00
  53    22.390 55178.76824810 27.47 151.067810  66.131048 19.792 -100.00 -100.00 -100.00
  53    21.902 55178.76824869 29.25 151.074288  66.130947  9.161 -100.00 -100.00 -100.00
  54    21.943 55188.68389348 28.91 151.064710  66.130152 26.959 -100.00 -100.00 -100.00
  54    22.825 55188.68389408 30.02 151.071187  66.130051 16.823 -100.00 -100.00 -100.00
  54    22.848 55188.68389467 33.41 151.077664  66.129951 18.724 -100.00 -100.00 -100.00
  55    22.168 55198.59954466 29.90 151.070363  66.129630 30.081 -100.00 -100.00 -100.00
  55    21.913 55198.59954525 31.56 151.076840  66.129529   -100 -100.00 -100.00 -100.00
  56    21.941 55208.51519438 28.28 151.070139  66.130414 23.442 -100.00 -100.00 -100.00
  56    22.898 55208.51519497 29.30 151.076616  66.130313 14.085 -100.00 -100.00 -100.00
  57    22.062 55218.43084335 27.50 151.067480  66.131839 19.524 -100.00 -100.00 -100.00
  57    22.038 55218.43084395 28.81 151.073958  66.131739 23.992 -100.00 -100.00 -100.00
  58    29.510 55228.34649171 19.91 151.066401  66.132055  6.500 -100.00 -100.00 -100.00
  58    29.743 55228.34649230 19.63 151.072879  66.131954  7.322 -100.00 -100.00 -100.00
  58    28.912 55228.34649289 21.07 151.079357  66.131853  8.806 -100.00 -100.00 -100.00
  59    29.858 55238.26213743 18.55 151.069369  66.130601  5.465 -100.00 -100.00 -100.00
  59    29.196 55238.26213802 19.16 151.075847  66.130500  6.337 -100.00 -100.00 -100.00
  60    29.999 55248.17777924 18.71 151.068243  66.128100  4.966 -100.00 -100.00 -100.00
  60    30.229 55248.17777983 18.92 151.074720  66.127999  5.729 -100.00 -100.00 -100.00
  60    30.597 55248.17778042 18.48 151.081197  66.127898  5.270 -100.00 -100.00 -100.00
  61    30.193 55258.09341874 17.98 151.068360  66.126329  4.676 -100.00 -100.00 -100.00
  61    30.284 55258.09341933 17.86 151.074836  66.126228  5.519 -100.00 -100.00 -100.00
  61    30.883 55258.09341992 17.44 151.081313  66.126127  4.334 -100.00 -100.00 -100.00
  62    30.322 55268.00905718 18.22 151.065628  66.126556  4.938 -100.00 -100.00 -100.00
  62    30.184 55268.00905777 18.50 151.072104  66.126455  5.585 -100.00 -100.00 -100.00
  62    30.436 55268.00905836 17.74 151.078581  66.126354  4.731 -100.00 -100.00 -100.00
  62    29.583 55268.00905895 18.74 151.085057  66.126253  6.693 -100.00 -100.00 -100.00
  63    30.310 55277.92469537 18.14 151.064466  66.128288  5.067 -100.00 -100.00 -100.00
  63    30.390 55277.92469596 17.32 151.070943  66.128188  4.550 -100.00 -100.00 -100.00
  63    30.357 55277.92469655 17.78 151.077420  66.128087  4.857 -100.00 -100.00 -100.00
  64    30.188 55287.84033257 17.14 151.065968  66.129489  6.983 -100.00 -100.00 -100.00
  64    30.451 55287.84033316 16.24 151.072445  66.129389  4.774 -100.00 -100.00 -100.00
  64    30.373 55287.84033375 15.88 151.078921  66.129288  5.313 -100.00 -100.00 -100.00
  65    30.204 55297.75596718 18.06 151.064883  66.129256  7.356 -100.00 -100.00 -100.00
  65    30.280 55297.75596777 16.66 151.071360  66.129156  4.946 -100.00 -100.00 -100.00
  65    30.496 55297.75596836 16.42 151.077836  66.129055  4.751 -100.00 -100.00 -100.00
  66    30.378 55307.67160968 17.07 151.069336  66.127357  6.859 -100.00 -100.00 -100.00
  66    30.449 55307.67161027 16.85 151.075812  66.127256  6.470 -100.00 -100.00 -100.00
  66    30.881 55307.67161086 16.65 151.082287  66.127156  5.788 -100.00 -100.00 -100.00
  67    32.320 55317.58725609 12.65 151.069174  66.125917  4.217 -100.00 -100.00 -100.00
  67    32.410 55317.58725668 12.51 151.075649  66.125817  4.194 -100.00 -100.00 -100.00
  67    32.359 55317.58725727 12.97 151.082124  66.125716  4.389 -100.00 -100.00 -100.00
  68    29.682 55327.50290098 37.57 151.064842  66.126336   -100 -100.00 -100.00 -100.00
  68    22.110 55327.50290157 39.26 151.071317  66.126236  1.278 -100.00 -100.00 -100.00
  68    22.147 55327.50290216 39.22 151.077792  66.126135  7.692 -100.00 -100.00 -100.00
  68    22.155 55327.50290275 34.54 151.084268  66.126034   -100 -100.00 -100.00 -100.00
  69    28.778 55337.41854557 46.98 151.066254  66.128296   -100 -100.00 -100.00 -100.00
  69    28.627 55337.41854616 50.27 151.072731  66.128195   -100 -100.00 -100.00 -100.00
  69    28.357 55337.41854675 51.30 151.079207  66.128094 24.459 -100.00 -100.00 -100.00
  70    32.388 55347.33418952 26.88 151.065838  66.130262 15.081 -100.00 -100.00 -100.00
  70    29.642 55347.33419011 28.44 151.072315  66.130162 20.428 -100.00 -100.00 -100.00
  70    28.159 55347.33419070 34.48 151.078792  66.130061   -100 -100.00 -100.00 -100.00
  71    29.939 55357.24983200 30.25 151.066431  66.130955 30.970 -100.00 -100.00 -100.00
  71    29.519 55357.24983259 25.65 151.072909  66.130855 23.073 -100.00 -100.00 -100.00
  71    28.639 55357.24983318 28.41 151.079386  66.130754 30.536 -100.00 -100.00 -100.00
  72    29.356 55367.16547231 39.18 151.065588  66.130663   -100 -100.00 -100.00 -100.00
  72    24.680 55367.16547290 44.26 151.072065  66.130563  6.699 -100.00 -100.00 -100.00
  72    24.853 55367.16547350 43.34 151.078542  66.130462   -100 -100.00 -100.00 -100.00
  73    29.764 55377.08111164 26.44 151.069827  66.130160 20.308 -100.00 -100.00 -100.00
  73    31.669 55377.08111223 23.63 151.076304  66.130060 14.000 -100.00 -100.00 -100.00
  74    24.804 55386.99674930 42.22 151.065182  66.130553   -100 -100.00 -100.00 -100.00
  74    24.394 55386.99674989 45.79 151.071659  66.130453 15.629 -100.00 -100.00 -100.00
  74    24.514 55386.99675048 47.62 151.078136  66.130352 30.330 -100.00 -100.00 -100.00
  75    23.493 55396.91238693 41.27 151.070261  66.131161 21.798 -100.00 -100.00 -100.00
  75    22.560 55396.91238752 47.61 151.076738  66.131061   -100 -100.00 -100.00 -100.00
  76    29.945 55406.82802936 23.28 151.069055  66.131302 16.051 -100.00 -100.00 -100.00
  76    29.485 55406.82802995 23.21 151.075532  66.131201 16.066 -100.00 -100.00 -100.00
  77    29.426 55416.74368063 29.28 151.069947  66.130087 24.173 -100.00 -100.00 -100.00
  77    22.514 55416.74368122 32.03 151.076424  66.129987   -100 -100.00 -100.00 -100.00
  78    24.413 55426.65932848 48.24 151.070473  66.127958  2.986 -100.00 -100.00 -100.00
  78    24.255 55426.65932907 53.36 151.076948  66.127857 15.395 -100.00 -100.00 -100.00
  79    25.474 55436.57497364 49.30 151.071068  66.126532   -100 -100.00 -100.00 -100.00
  79    25.647 55436.57497423 47.58 151.077544  66.126431   -100 -100.00 -100.00 -100.00
  79    25.365 55436.57497482 49.40 151.084019  66.126330   -100 -100.00 -100.00 -100.00
  80    25.478 55446.49061706 51.66 151.067327  66.126752   -100 -100.00 -100.00 -100.00
  80    25.799 55446.49061765 49.63 151.073802  66.126652   -100 -100.00 -100.00 -100.00
  80    25.509 55446.49061824 50.39 151.080278  66.126551   -100 -100.00 -100.00 -100.00
  81    29.480 55456.40626028 37.17 151.067325  66.128029   -100 -100.00 -100.00 -100.00
  81    29.412 55456.40626087 33.62 151.073802  66.127928   -100 -100.00 -100.00 -100.00
  81    29.107 55456.40626146 30.35 151.080278  66.127827 27.326 -100.00 -100.00 -100.00
  82    29.583 55466.32190295 34.75 151.068837  66.129171   -100 -100.00 -100.00 -100.00
  82    27.145 55466.32190354 36.12 151.075314  66.129071   -100 -100.00 -100.00 -100.00
  83    29.599 55476.23754212 37.06 151.066124  66.128954 27.923 -100.00 -100.00 -100.00
  83    29.181 55476.23754271 36.33 151.072601  66.128853 30.005 -100.00 -100.00 -100.00
  83    24.178 55476.23754331 37.69 151.079078  66.128753   -100 -100.00 -100.00 -100.00
  84    22.537 55486.15317826 41.94 151.064711  66.127597   -100 -100.00 -100.00 -100.00
  84    22.622 55486.15317885 41.93 151.071188  66.127497   -100 -100.00 -100.00 -100.00
  84    22.467 55486.15317944 47.51 151.077665  66.127397  4.609 -100.00 -100.00 -100.00
  85    22.667 55496.06881283 40.99 151.069711  66.126310 21.362 -100.00 -100.00 -100.00
  85    22.072 55496.06881342 41.96 151.076188  66.126210   -100 -100.00 -100.00 -100.00
  85    22.025 55496.06881401 38.15 151.082664  66.126109 31.693 -100.00 -100.00 -100.00
  86    21.966 55505.98444741 37.01 151.064977  66.127009 31.268 -100.00 -100.00 -100.00
  86    22.111 55505.98444800 37.11 151.071454  66.126909 15.304 -100.00 -100.00 -100.00
  86    22.181 55505.98444860 41.18 151.077930  66.126808   -100 -100.00 -100.00 -100.00
  87    22.744 55515.90009805 36.43 151.066151  66.128697 17.553 -100.00 -100.00 -100.00
  87    24.386 55515.90009864 36.92 151.072629  66.128597 13.996 -100.00 -100.00 -100.00
  87    22.193 55515.90009923 37.93 151.079106  66.128496   -100 -100.00 -100.00 -100.00
  88    22.207 55525.81574755 35.14 151.064929  66.130442 25.433 -100.00 -100.00 -100.00
  88    22.487 55525.81574814 34.91 151.071407  66.130342 23.419 -100.00 -100.00 -100.00
  88    22.247 55525.81574873 36.88 151.077884  66.130242   -100 -100.00 -100.00 -100.00
  89    22.767 55535.73139557 35.26 151.069348  66.130994 19.593 -100.00 -100.00 -100.00
  89    22.231 55535.73139616 37.32 151.075826  66.130893   -100 -100.00 -100.00 -100.00
  90    23.853 55545.64704098 33.30 151.068187  66.130733 11.486 -100.00 -100.00 -100.00
  90    22.537 55545.64704157 34.33 151.074664  66.130633 19.998 -100.00 -100.00 -100.00
  91    22.568 55555.56268470 32.23 151.068740  66.130559 19.678 -100.00 -100.00 -100.00
  91    22.247 55555.56268529 34.47 151.075217  66.130458   -100 -100.00 -100.00 -100.00
  92    22.550 55565.47832745 31.24 151.068800  66.130905 18.590 -100.00 -100.00 -100.00
  92    22.111 55565.47832804 32.09 151.075277  66.130804 27.677 -100.00 -100.00 -100.00
  93    29.294 55575.39396914 25.83 151.063948  66.131121 11.409 -100.00 -100.00 -100.00
  93    22.255 55575.39396973 31.42 151.070425  66.131020 20.534 -100.00 -100.00 -100.00
  93    22.203 55575.39397032 31.48 151.076902  66.130919 20.694 -100.00 -100.00 -100.00
  94    21.936 55585.30960995 30.75 151.067727  66.130194 23.013 -100.00 -100.00 -100.00
  94    28.677 55585.30961054 26.45 151.074204  66.130094 11.819 -100.00 -100.00 -100.00
  94    27.793 55585.30961113 26.77 151.080681  66.129993 13.025 -100.00 -100.00 -100.00
  95    29.226 55595.22524681 26.64 151.064473  66.128746 12.883 -100.00 -100.00 -100.00
  95    29.246 55595.22524740 24.77 151.070951  66.128646  9.515 -100.00 -100.00 -100.00
  95    29.272 55595.22524799 24.47 151.077428  66.128545  8.061 -100.00 -100.00 -100.00
  96    29.564 55605.14088134 24.25 151.071025  66.127395  7.972 -100.00 -100.00 -100.00
  96    29.026 55605.14088193 26.13 151.077502  66.127295 11.664 -100.00 -100.00 -100.00
  97    29.667 55615.05651300 24.58 151.069101  66.127124  9.516 -100.00 -100.00 -100.00
  97    29.244 55615.05651360 24.51 151.075578  66.127023  8.976 -100.00 -100.00 -100.00
  97    29.235 55615.05651419 24.67 151.082055  66.126923  7.814 -100.00 -100.00 -100.00
  98    29.649 55624.97215310 23.33 151.070142  66.127750  7.214 -100.00 -100.00 -100.00
  98    30.228 55624.97215369 24.12 151.076619  66.127649  8.956 -100.00 -100.00 -100.00
  99    29.646 55634.88780528 23.90 151.068068  66.128380  7.979 -100.00 -100.00 -100.00
  99    30.331 55634.88780587 24.11 151.074545  66.128280  8.637 -100.00 -100.00 -100.00
  99    30.393 55634.88780646 24.33 151.081022  66.128179  9.670 -100.00 -100.00 -100.00
 100    31.718 55644.80345569 20.56 151.070418  66.128411  6.263 -100.00 -100.00 -100.00
 100    30.685 55644.80345628 21.00 151.076895  66.128311  6.273 -100.00 -100.00 -100.00
 101    30.560 55654.71910260 22.66 151.065142  66.127947 10.723 -100.00 -100.00 -100.00
 101    29.992 55654.71910319 21.25 151.071618  66.127847  7.189 -100.00 -100.00 -100.00
 101    30.200 55654.71910378 22.77 151.078094  66.127746 10.216 -100.00 -100.00 -100.00
 102    31.612 55664.63474556 18.98 151.066167  66.127188  6.020 -100.00 -100.00 -100.00
 102    30.154 55664.63474615 20.56 151.072643  66.127088 10.003 -100.00 -100.00 -100.00
 102    30.760 55664.63474674 18.65 151.079119  66.126988  6.252 -100.00 -100.00 -100.00
 103    30.063 55674.55038588 18.65 151.070794  66.127000 16.204 -100.00 -100.00 -100.00
 103    30.739 55674.55038647 15.62 151.077269  66.126900 10.455 -100.00 -100.00 -100.00
 103    30.997 55674.55038706 12.97 151.083745  66.126799  6.940 -100.00 -100.00 -100.00
 104    30.452 55684.46602382 11.61 151.067302  66.127873  8.763 -100.00 -100.00 -100.00
 104    30.506 55684.46602441 11.90 151.073777  66.127772  9.880 -100.00 -100.00 -100.00
 104    30.996 55684.46602500 10.94 151.080253  66.127672  8.410 -100.00 -100.00 -100.00
 105    23.810 55694.38166084 25.01 151.066994  66.129223 23.917 -100.00 -100.00 -100.00
 105    23.482 55694.38166144 24.62 151.073470  66.129123 28.551 -100.00 -100.00 -100.00
 105    23.593 55694.38166203 28.25 151.079947  66.129022   -100 -100.00 -100.00 -100.00
 106    29.860 55704.29729628 30.82 151.064291  66.130405 23.393 -100.00 -100.00 -100.00
 106    29.526 55704.29729687 30.19 151.070768  66.130305 26.248 -100.00 -100.00 -100.00
 106    32.720 55704.29729746 25.55 151.077245  66.130205 12.645 -100.00 -100.00 -100.00
 107    29.607 55714.21294274 36.46 151.066617  66.130707   -100 -100.00 -100.00 -100.00
 107    32.351 55714.21294333 28.73 151.073094  66.130607 16.906 -100.00 -100.00 -100.00
 107    31.529 55714.21294392 30.26 151.079572  66.130506 18.803 -100.00 -100.00 -100.00
 108    30.748 55724.12859198 34.63 151.068434  66.130663 25.680 -100.00 -100.00 -100.00
 108    30.820 55724.12859257 40.38 151.074912  66.130563   -100 -100.00 -100.00 -100.00
 109    31.161 55734.04423897 43.45 151.066841  66.130897 31.336 -100.00 -100.00 -100.00
 109    30.788 55734.04423956 46.84 151.073319  66.130797 13.476 -100.00 -100.00 -100.00
 109    31.065 55734.04424016 48.80 151.079796  66.130696   -100 -100.00 -100.00 -100.00
 110    27.393 55743.95988509 43.23 151.069529  66.131175 26.303 -100.00 -100.00 -100.00
 110    27.229 55743.95988568 48.59 151.076006  66.131074   -100 -100.00 -100.00 -100.00
 111    27.632 55753.87552938 44.38 151.068236  66.130926 23.286 -100.00 -100.00 -100.00
 111    26.908 55753.87552997 49.73 151.074713  66.130825 13.672 -100.00 -100.00 -100.00
 112    26.057 55763.79117169 46.47 151.070334  66.129562   -100 -100.00 -100.00 -100.00
 112    25.824 55763.79117228 51.90 151.076811  66.129462   -100 -100.00 -100.00 -100.00
 113    24.727 55773.70681060 48.65 151.065765  66.127927  6.634 -100.00 -100.00 -100.00
 113    25.070 55773.70681119 49.70 151.072241  66.127827   -100 -100.00 -100.00 -100.00
 113    24.895 55773.70681178 51.77 151.078717  66.127726  2.262 -100.00 -100.00 -100.00
 114    29.505 55783.62244673 37.80 151.067928  66.126738 14.306 -100.00 -100.00 -100.00
 114    29.393 55783.62244732 34.05 151.074404  66.126637   -100 -100.00 -100.00 -100.00
 114    29.206 55783.62244791 25.58 151.080879  66.126537 20.253 -100.00 -100.00 -100.00
 115    27.632 55793.53808027 51.74 151.068845  66.127282   -100 -100.00 -100.00 -100.00
 115    27.261 55793.53808086 54.81 151.075321  66.127182 30.272 -100.00 -100.00 -100.00
 115    27.520 55793.53808145 49.30 151.081796  66.127081 13.472 -100.00 -100.00 -100.00
 116    29.587 55803.45371577 36.34 151.065657  66.128606   -100 -100.00 -100.00 -100.00
 116    29.156 55803.45371636 31.81 151.072134  66.128506 31.153 -100.00 -100.00 -100.00
 116    25.588 55803.45371695 42.56 151.078610  66.128406 30.265 -100.00 -100.00 -100.00
 117    29.611 55813.36936592 32.09 151.070253  66.129159   -100 -100.00 -100.00 -100.00
 117    29.286 55813.36936651 26.96 151.076730  66.129058 18.474 -100.00 -100.00 -100.00
 118    29.304 55823.28501381 34.25 151.070589  66.128512 26.718 -100.00 -100.00 -100.00
 118    26.689 55823.28501440 37.33 151.077066  66.128411   -100 -100.00 -100.00 -100.00
 119    29.369 55833.20065645 34.15 151.065540  66.127416  0.857 -100.00 -100.00 -100.00
 119    29.475 55833.20065705 29.34 151.072017  66.127316   -100 -100.00 -100.00 -100.00
 119    29.196 55833.20065764 25.80 151.078493  66.127216 22.088 -100.00 -100.00 -100.00
 120    23.896 55843.11629580 41.39 151.070649  66.126759 20.658 -100.00 -100.00 -100.00
 120    23.122 55843.11629639 48.72 151.077126  66.126658 14.225 -100.00 -100.00 -100.00
 120    23.147 55843.11629698 40.23 151.083603  66.126558   -100 -100.00 -100.00 -100.00
 121    22.173 55853.03193116 39.38 151.065557  66.127574 28.818 -100.00 -100.00 -100.00
 121    22.136 55853.03193175 41.17 151.072034  66.127474   -100 -100.00 -100.00 -100.00
 121    21.815 55853.03193234 45.90 151.078511  66.127373 19.075 -100.00 -100.00 -100.00
 122    22.599 55862.94756693 36.62 151.066163  66.129292 25.035 -100.00 -100.00 -100.00
 122    22.141 55862.94756752 40.56 151.072640  66.129192   -100 -100.00 -100.00 -100.00
 122    22.239 55862.94756811 36.31 151.079117  66.129092   -100 -100.00 -100.00 -100.00
 123    22.061 55872.86322142 35.37 151.070045  66.130423 31.471 -100.00 -100.00 -100.00
 123    21.604 55872.86322201 38.62 151.076522  66.130322   -100 -100.00 -100.00 -100.00
 124    21.997 55882.77887019 33.49 151.066330  66.130739 26.731 -100.00 -100.00 -100.00
 124    21.838 55882.77887078 31.20 151.072807  66.130639 20.646 -100.00 -100.00 -100.00
 124    22.260 55882.77887137 29.06 151.079285  66.130538 14.830 -100.00 -100.00 -100.00
 125    21.958 55892.69451326 31.96 151.070432  66.130414 21.658 -100.00 -100.00 -100.00
 125    21.950 55892.69451385 30.84 151.076909  66.130314 19.547 -100.00 -100.00 -100.00
 126    29.441 55902.61015022 26.29 151.069260  66.130373  9.808 -100.00 -100.00 -100.00
 126    22.006 55902.61015081 28.85 151.075738  66.130273 14.106 -100.00 -100.00 -100.00
 127    29.267 55912.52578615 21.69 151.068000  66.131015  6.147 -100.00 -100.00 -100.00
 127    29.874 55912.52578674 21.07 151.074477  66.130915  5.634 -100.00 -100.00 -100.00
 128    29.553 55922.44144050 20.75 151.068628  66.131575  5.237 -100.00 -100.00 -100.00
 128    29.314 55922.44144109 20.89 151.075105  66.131474  4.530 -100.00 -100.00 -100.00
 129    29.485 55932.35709155 19.99 151.063900  66.131215  4.419 -100.00 -100.00 -100.00
 129    29.217 55932.35709214 20.63 151.070378  66.131115  4.898 -100.00 -100.00 -100.00
 129    29.398 55932.35709273 20.63 151.076856  66.131014  5.509 -100.00 -100.00 -100.00
 130    29.828 55942.27273900 19.25 151.066026  66.129258  3.671 -100.00 -100.00 -100.00
 130    29.357 55942.27273959 19.59 151.072503  66.129157  4.237 -100.00 -100.00 -100.00
 130    30.055 55942.27274018 19.87 151.078980  66.129057  4.471 -100.00 -100.00 -100.00
 131    30.079 55952.18838182 18.71 151.065171  66.126996  3.543 -100.00 -100.00 -100.00
 131    30.071 55952.18838241 19.41 151.071648  66.126896  5.361 -100.00 -100.00 -100.00
 131    29.430 55952.18838300 19.59 151.078124  66.126795  4.657 -100.00 -100.00 -100.00
 132    29.540 55962.10402157 19.19 151.068676  66.126132  3.925 -100.00 -100.00 -100.00
 132    30.205 55962.10402216 18.95 151.075153  66.126031  4.059 -100.00 -100.00 -100.00
 132    29.887 55962.10402275 18.93 151.081630  66.125931  4.196 -100.00 -100.00 -100.00
 133    30.068 55972.01965887 18.78 151.068283  66.127251  4.436 -100.00 -100.00 -100.00
 133    30.069 55972.01965946 18.49 151.074760  66.127151  4.304 -100.00 -100.00 -100.00
 133    29.568 55972.01966005 18.67 151.081237  66.127050  4.849 -100.00 -100.00 -100.00
 134    29.904 55981.93529507 17.80 151.069618  66.129141  3.477 -100.00 -100.00 -100.00
 134    30.167 55981.93529566 18.11 151.076095  66.129040  4.307 -100.00 -100.00 -100.00
 136    30.203 56001.76657664 17.87 151.069170  66.128659  3.716 -100.00 -100.00 -100.00
 136    30.204 56001.76657723 17.74 151.075647  66.128559  3.848 -100.00 -100.00 -100.00
 137    30.340 56011.68222634 17.50 151.065705  66.126908  3.944 -100.00 -100.00 -100.00
 137    30.242 56011.68222693 17.28 151.072181  66.126808  3.740 -100.00 -100.00 -100.00
 137    30.026 56011.68222752 16.97 151.078657  66.126707  3.587 -100.00 -100.00 -100.00
 138    30.370 56021.59787272 17.27 151.066470  66.126430  3.731 -100.00 -100.00 -100.00
 138    30.349 56021.59787331 17.43 151.072946  66.126329  4.328 -100.00 -100.00 -100.00
 138    30.537 56021.59787390 16.58 151.079421  66.126229  3.481 -100.00 -100.00 -100.00
 139    30.455 56031.51351625 15.54 151.067776  66.127713  3.556 -100.00 -100.00 -100.00
 139    30.275 56031.51351684 15.74 151.074252  66.127612  3.865 -100.00 -100.00 -100.00
 139    30.354 56031.51351743 15.73 151.080728  66.127511  3.688 -100.00 -100.00 -100.00
 140    30.168 56041.42915757 14.17 151.067512  66.129947  3.777 -100.00 -100.00 -100.00
 140    29.938 56041.42915816 14.41 151.073989  66.129847  4.296 -100.00 -100.00 -100.00
 140    30.043 56041.42915875 14.31 151.080466  66.129746  3.589 -100.00 -100.00 -100.00
 141    29.647 56051.34479664 13.75 151.068019  66.131294  3.767 -100.00 -100.00 -100.00
 141    30.406 56051.34479723 13.43 151.074496  66.131194  3.640 -100.00 -100.00 -100.00
 142    24.001 56061.26043286 42.64 151.067374  66.131369   -100 -100.00 -100.00 -100.00
 142    23.834 56061.26043345 47.08 151.073851  66.131268   -100 -100.00 -100.00 -100.00
 142    24.279 56061.26043405 47.92 151.080328  66.131168   -100 -100.00 -100.00 -100.00
 143    30.516 56071.17607112 30.05 151.068067  66.130368 23.040 -100.00 -100.00 -100.00
 143    30.128 56071.17607171 30.30 151.074544  66.130268 25.170 -100.00 -100.00 -100.00
 144    29.804 56081.09172165 35.55 151.066778  66.129922   -100 -100.00 -100.00 -100.00
 144    31.977 56081.09172224 26.57 151.073255  66.129821 18.713 -100.00 -100.00 -100.00
 144    31.654 56081.09172283 25.01 151.079732  66.129721 11.699 -100.00 -100.00 -100.00
 145    29.805 56091.00736966 33.17 151.066963  66.130488   -100 -100.00 -100.00 -100.00
 145    29.729 56091.00737025 27.44 151.073440  66.130388 22.703 -100.00 -100.00 -100.00
 145    31.388 56091.00737084 23.68 151.079917  66.130287 12.419 -100.00 -100.00 -100.00
 146    32.102 56100.92301539 23.45 151.068387  66.131485 10.227 -100.00 -100.00 -100.00
 146    29.463 56100.92301598 23.68 151.074865  66.131384 13.486 -100.00 -100.00 -100.00
 147    32.103 56110.83864686 23.49 151.068974  66.131182 13.325 -100.00 -100.00 -100.00
 147    28.968 56110.83864745 26.55 151.075451  66.131082 23.184 -100.00 -100.00 -100.00
 148    29.467 56120.75428621 42.61 151.064782  66.129347 22.760 -100.00 -100.00 -100.00
 148    24.980 56120.75428680 47.81 151.071258  66.129247   -100 -100.00 -100.00 -100.00
 148    24.426 56120.75428739 54.03 151.077735  66.129146 31.669 -100.00 -100.00 -100.00
 149    29.403 56130.66992225 42.04 151.064946  66.126962 31.244 -100.00 -100.00 -100.00
 149    29.561 56130.66992284 31.98 151.071421  66.126862   -100 -100.00 -100.00 -100.00
 149    29.274 56130.66992343 30.21 151.077897  66.126762   -100 -100.00 -100.00 -100.00
 149    29.064 56130.66992402 24.76 151.084372  66.126661 14.515 -100.00 -100.00 -100.00
 150    23.422 56140.58555614 47.10 151.065067  66.126019 31.697 -100.00 -100.00 -100.00
 150    23.294 56140.58555673 48.02 151.071542  66.125919 22.280 -100.00 -100.00 -100.00
 150    23.346 56140.58555732 48.11 151.078017  66.125819   -100 -100.00 -100.00 -100.00
 150    23.333 56140.58555791 48.23 151.084493  66.125718   -100 -100.00 -100.00 -100.00
 151    24.430 56150.50120738 51.05 151.068085  66.127289   -100 -100.00 -100.00 -100.00
 151    24.444 56150.50120797 53.08 151.074561  66.127189   -100 -100.00 -100.00 -100.00
 151    24.385 56150.50120856 47.98 151.081036  66.127088 12.458 -100.00 -100.00 -100.00
 152    29.528 56160.41685632 36.88 151.066616  66.129457   -100 -100.00 -100.00 -100.00
 152    29.485 56160.41685691 29.43 151.073092  66.129357 23.450 -100.00 -100.00 -100.00
 152    28.739 56160.41685750 30.94 151.079569  66.129256 27.007 -100.00 -100.00 -100.00
 153    27.049 56170.33250388 43.68 151.067147  66.130305  1.578 -100.00 -100.00 -100.00
 153    26.975 56170.33250447 48.10 151.073624  66.130204   -100 -100.00 -100.00 -100.00
 153    26.904 56170.33250506 46.88 151.080101  66.130104   -100 -100.00 -100.00 -100.00
 154    29.666 56180.24814737 37.02 151.065366  66.129071   -100 -100.00 -100.00 -100.00
 154    29.275 56180.24814796 31.24 151.071843  66.128971   -100 -100.00 -100.00 -100.00
 154    29.566 56180.24814855 24.66 151.078320  66.128870 14.355 -100.00 -100.00 -100.00
 155    29.564 56190.16378707 35.26 151.066047  66.127196   -100 -100.00 -100.00 -100.00
 155    29.525 56190.16378766 32.55 151.072524  66.127095   -100 -100.00 -100.00 -100.00
 155    24.363 56190.16378825 33.55 151.079001  66.126995   -100 -100.00 -100.00 -100.00
 156    29.444 56200.07942403 38.06 151.069022  66.126520   -100 -100.00 -100.00 -100.00
 156    23.267 56200.07942463 43.94 151.075499  66.126420   -100 -100.00 -100.00 -100.00
 156    29.057 56200.07942522 28.71 151.081976  66.126319 23.753 -100.00 -100.00 -100.00
 157    22.566 56209.99505834 45.88 151.069997  66.128182   -100 -100.00 -100.00 -100.00
 157    22.704 56209.99505893 47.84 151.076474  66.128082   -100 -100.00 -100.00 -100.00
 158    23.067 56219.91069033 40.58 151.065790  66.130777 15.614 -100.00 -100.00 -100.00
 158    22.089 56219.91069092 44.97 151.072268  66.130677   -100 -100.00 -100.00 -100.00
 158    21.884 56219.91069151 42.27 151.078745  66.130577   -100 -100.00 -100.00 -100.00
 159    22.075 56229.82633964 37.54 151.067277  66.132325 21.130 -100.00 -100.00 -100.00
 159    22.001 56229.82634023 40.38 151.073755  66.132225   -100 -100.00 -100.00 -100.00
 160    21.897 56239.74199305 35.71 151.067521  66.131862 24.107 -100.00 -100.00 -100.00
 160    23.466 56239.74199364 37.49 151.073998  66.131762 15.266 -100.00 -100.00 -100.00
 161    21.984 56249.65764266 36.09 151.069179  66.130669 28.551 -100.00 -100.00 -100.00
 161    24.266 56249.65764325 37.49 151.075656  66.130568 12.895 -100.00 -100.00 -100.00
 162    22.530 56259.57328721 34.09 151.068298  66.129786 21.399 -100.00 -100.00 -100.00
 162    26.707 56259.57328780 34.82 151.074775  66.129685 11.261 -100.00 -100.00 -100.00
 163    22.962 56269.48892900 32.56 151.066997  66.130279 18.016 -100.00 -100.00 -100.00
 163    25.030 56269.48892959 34.06 151.073474  66.130179 16.132 -100.00 -100.00 -100.00
 163    22.188 56269.48893018 38.96 151.079951  66.130078  3.459 -100.00 -100.00 -100.00
 164    22.324 56279.40456903 32.42 151.065349  66.130967 24.756 -100.00 -100.00 -100.00
 164    22.172 56279.40456962 34.00 151.071827  66.130867 17.711 -100.00 -100.00 -100.00
 164    22.487 56279.40457021 37.18 151.078304  66.130766   -100 -100.00 -100.00 -100.00
 165    22.278 56289.32021987 31.78 151.067758  66.130965 29.734 -100.00 -100.00 -100.00
 165    22.189 56289.32022046 34.19 151.074235  66.130865   -100 -100.00 -100.00 -100.00
 166    22.361 56299.23586820 29.40 151.066751  66.129252 20.967 -100.00 -100.00 -100.00
 166    22.227 56299.23586879 31.93 151.073229  66.129151 12.134 -100.00 -100.00 -100.00
 166    22.232 56299.23586938 36.29 151.079706  66.129050   -100 -100.00 -100.00 -100.00
 167    22.148 56309.15151305 30.80 151.070954  66.126958 27.402 -100.00 -100.00 -100.00
 167    22.340 56309.15151364 31.65 151.077430  66.126858 26.649 -100.00 -100.00 -100.00
 167    27.614 56309.15151423 26.28 151.083907  66.126757 14.046 -100.00 -100.00 -100.00
 168    29.243 56319.06715505 21.95 151.070624  66.125911  8.152 -100.00 -100.00 -100.00
 168    29.140 56319.06715564 22.41 151.077101  66.125810  8.312 -100.00 -100.00 -100.00
 168    29.630 56319.06715623 20.42 151.083578  66.125709  5.443 -100.00 -100.00 -100.00
 169    29.763 56328.98279594 21.29 151.069234  66.127213  6.560 -100.00 -100.00 -100.00
 169    29.161 56328.98279653 22.59 151.075711  66.127112  8.524 -100.00 -100.00 -100.00
 169    29.550 56328.98279712 19.92 151.082187  66.127011  5.171 -100.00 -100.00 -100.00
 170    22.022 56338.89843571 32.15 151.065204  66.129358   -100 -100.00 -100.00 -100.00
 170    22.018 56338.89843630 31.16 151.071681  66.129258 31.056 -100.00 -100.00 -100.00
 170    22.072 56338.89843689 29.75 151.078158  66.129157 26.683 -100.00 -100.00 -100.00
 171    29.558 56348.81407403 20.21 151.067646  66.130420  5.755 -100.00 -100.00 -100.00
 171    29.942 56348.81407463 19.33 151.074124  66.130320  4.783 -100.00 -100.00 -100.00
 171    29.126 56348.81407522 20.39 151.080601  66.130219  6.529 -100.00 -100.00 -100.00
 172    29.954 56358.72970909 18.89 151.066602  66.129434  5.105 -100.00 -100.00 -100.00
 172    28.450 56358.72970968 23.29 151.073078  66.129334 11.855 -100.00 -100.00 -100.00
 172    30.373 56358.72971027 19.31 151.079555  66.129234  5.664 -100.00 -100.00 -100.00
 173    30.376 56368.64536013 15.87 151.070003  66.127487  3.486 -100.00 -100.00 -100.00
 173    29.914 56368.64536072 16.81 151.076479  66.127387  4.593 -100.00 -100.00 -100.00
 173    30.092 56368.64536131 16.46 151.082955  66.127286  5.314 -100.00 -100.00 -100.00
 175    30.192 56388.47665342 16.43 151.070363  66.128533  4.713 -100.00 -100.00 -100.00
 175    30.179 56388.47665401 16.35 151.076839  66.128432  4.313 -100.00 -100.00 -100.00
 176    31.041 56398.39229621 14.48 151.064109  66.131105  3.905 -100.00 -100.00 -100.00
 176    30.632 56398.39229680 14.79 151.070586  66.131005  4.308 -100.00 -100.00 -100.00
 176    30.478 56398.39229739 14.41 151.077063  66.130904  3.940 -100.00 -100.00 -100.00
 177    32.308 56408.30793741 11.45 151.066888  66.132526  3.408 -100.00 -100.00 -100.00
 177    32.532 56408.30793800 11.67 151.073366  66.132426  3.736 -100.00 -100.00 -100.00
 177    32.294 56408.30793859 11.74 151.079844  66.132325  4.234 -100.00 -100.00 -100.00
 178    22.531 56418.22357421 39.65 151.067457  66.132170   -100 -100.00 -100.00 -100.00
 178    22.406 56418.22357480 35.85 151.073934  66.132070   -100 -100.00 -100.00 -100.00
 179    31.241 56428.13920635 32.14 151.065455  66.130879 23.810 -100.00 -100.00 -100.00
 179    30.897 56428.13920694 38.18 151.071933  66.130779   -100 -100.00 -100.00 -100.00
 179    30.944 56428.13920753 34.72 151.078410  66.130678   -100 -100.00 -100.00 -100.00
 180    29.922 56438.05486023 41.54 151.064761  66.129958   -100 -100.00 -100.00 -100.00
 180    30.383 56438.05486082 28.75 151.071238  66.129858 18.286 -100.00 -100.00 -100.00
 180    31.891 56438.05486141 28.12 151.077715  66.129757 15.309 -100.00 -100.00 -100.00
 181    29.673 56447.97051156 39.64 151.064694  66.130054  0.391 -100.00 -100.00 -100.00
 181    29.600 56447.97051215 29.66 151.071171  66.129954 28.632 -100.00 -100.00 -100.00
 181    31.953 56447.97051274 25.22 151.077649  66.129853 14.332 -100.00 -100.00 -100.00
 182    26.990 56457.88616117 37.08 151.070093  66.130594   -100 -100.00 -100.00 -100.00
 182    27.023 56457.88616176 41.27 151.076570  66.130493 11.527 -100.00 -100.00 -100.00
 183    32.505 56467.80180659 27.19 151.065263  66.130329 18.304 -100.00 -100.00 -100.00
 183    32.153 56467.80180718 26.48 151.071740  66.130228 17.609 -100.00 -100.00 -100.00
 183    32.347 56467.80180777 22.72 151.078216  66.130127 10.660 -100.00 -100.00 -100.00
 184    29.593 56477.71744835 37.16 151.064640  66.129084   -100 -100.00 -100.00 -100.00
 184    24.911 56477.71744894 41.37 151.071116  66.128983  9.498 -100.00 -100.00 -100.00
 184    25.011 56477.71744953 43.05 151.077593  66.128883 15.765 -100.00 -100.00 -100.00
 185    24.886 56487.63308683 44.83 151.069598  66.127339 17.687 -100.00 -100.00 -100.00
 185    24.833 56487.63308742 41.16 151.076074  66.127239 27.555 -100.00 -100.00 -100.00
 185    24.736 56487.63308801 29.09 151.082550  66.127138 30.815 -100.00 -100.00 -100.00
 186    29.428 56497.54872226 36.94 151.069546  66.126866   -100 -100.00 -100.00 -100.00
 186    29.087 56497.54872285 35.27 151.076021  66.126766   -100 -100.00 -100.00 -100.00
 186    26.640 56497.54872344 34.23 151.082497  66.126665   -100 -100.00 -100.00 -100.00
 187    25.591 56507.46435600 49.18 151.064855  66.127818 13.296 -100.00 -100.00 -100.00
 187    25.569 56507.46435659 49.06 151.071331  66.127718   -100 -100.00 -100.00 -100.00
 187    25.757 56507.46435718 50.28 151.077807  66.127618 15.395 -100.00 -100.00 -100.00
 188    28.616 56517.37999322 47.16 151.068357  66.129402   -100 -100.00 -100.00 -100.00
 188    28.210 56517.37999381 50.48 151.074834  66.129302   -100 -100.00 -100.00 -100.00
 189    29.608 56527.29564722 37.68 151.064893  66.130100   -100 -100.00 -100.00 -100.00
 189    29.435 56527.29564781 29.43 151.071370  66.130000 29.975 -100.00 -100.00 -100.00
 189    31.867 56527.29564840 24.37 151.077847  66.129899 13.415 -100.00 -100.00 -100.00
 190    29.693 56537.21129778 33.81 151.070189  66.129505   -100 -100.00 -100.00 -100.00
 190    29.681 56537.21129837 28.88 151.076667  66.129404 21.721 -100.00 -100.00 -100.00
 192    29.684 56557.04258727 33.93 151.067253  66.128181   -100 -100.00 -100.00 -100.00
 192    29.481 56557.04258786 30.65 151.073730  66.128080 29.301 -100.00 -100.00 -100.00
 192    29.268 56557.04258845 24.68 151.080207  66.127979 13.488 -100.00 -100.00 -100.00
 193    25.676 56566.95822989 43.86 151.067705  66.129356 15.222 -100.00 -100.00 -100.00
 193    24.977 56566.95823048 48.99 151.074183  66.129255 26.591 -100.00 -100.00 -100.00
 194    22.937 56576.87387097 39.86 151.065958  66.131352 27.100 -100.00 -100.00 -100.00
 194    23.705 56576.87387156 40.82 151.072436  66.131252 18.252 -100.00 -100.00 -100.00
 194    22.427 56576.87387215 48.12 151.078914  66.131151 32.035 -100.00 -100.00 -100.00
 195    22.362 56586.78950919 37.72 151.070459  66.132447   -100 -100.00 -100.00 -100.00
 195    22.234 56586.78950978 38.97 151.076937  66.132346   -100 -100.00 -100.00 -100.00
 196    22.272 56596.70514861 37.23 151.067244  66.132224 26.627 -100.00 -100.00 -100.00
 196    22.056 56596.70514920 37.12 151.073722  66.132124   -100 -100.00 -100.00 -100.00
 197    28.181 56606.62080068 33.71 151.068343  66.131002 25.304 -100.00 -100.00 -100.00
 197    22.330 56606.62080127 35.09 151.074820  66.130901 31.815 -100.00 -100.00 -100.00
 198    23.308 56616.53644794 34.17 151.070378  66.130128 15.857 -100.00 -100.00 -100.00
 198    22.328 56616.53644853 36.37 151.076855  66.130027   -100 -100.00 -100.00 -100.00
 199    29.209 56626.45209103 28.60 151.065087  66.130077 13.733 -100.00 -100.00 -100.00
 199    23.425 56626.45209162 31.98 151.071564  66.129977 13.228 -100.00 -100.00 -100.00
 199    22.537 56626.45209221 30.06 151.078041  66.129876 18.174 -100.00 -100.00 -100.00
 200    22.634 56636.36773190 31.92 151.065609  66.130160 20.048 -100.00 -100.00 -100.00
 200    23.482 56636.36773250 32.08 151.072087  66.130059 13.479 -100.00 -100.00 -100.00
 200    22.440 56636.36773309 33.85 151.078564  66.129959   -100 -100.00 -100.00 -100.00
 201    22.139 56646.28337259 31.71 151.070050  66.129723 23.927 -100.00 -100.00 -100.00
 201    22.063 56646.28337318 33.05 151.076528  66.129623 29.991 -100.00 -100.00 -100.00
 202    22.483 56656.19902476 32.97 151.068653  66.128700 20.497 -100.00 -100.00 -100.00
 202    22.033 56656.19902535 33.14 151.075130  66.128600 22.969 -100.00 -100.00 -100.00
 202    21.993 56656.19902594 38.19 151.081608  66.128499   -100 -100.00 -100.00 -100.00
 203    22.419 56666.11467287 32.03 151.070094  66.127492 20.766 -100.00 -100.00 -100.00
 203    22.439 56666.11467346 33.04 151.076571  66.127391 21.651 -100.00 -100.00 -100.00
 203    22.004 56666.11467405 32.38 151.083048  66.127290 27.481 -100.00 -100.00 -100.00
 204    29.308 56676.03031772 26.28 151.064944  66.127449 11.225 -100.00 -100.00 -100.00
 204    21.869 56676.03031831 30.01 151.071421  66.127348 19.838 -100.00 -100.00 -100.00
 204    30.108 56676.03031890 25.18 151.077898  66.127247  8.959 -100.00 -100.00 -100.00
 205    29.585 56685.94596248 20.99 151.070549  66.128224  6.173 -100.00 -100.00 -100.00
 205    30.282 56685.94596307 20.58 151.077027  66.128123  4.765 -100.00 -100.00 -100.00
 206    29.690 56695.86160472 21.30 151.070438  66.129295  5.211 -100.00 -100.00 -100.00
 206    30.735 56695.86160531 20.86 151.076915  66.129194  4.014 -100.00 -100.00 -100.00
 207    29.859 56705.77724219 20.41 151.067732  66.129704  4.403 -100.00 -100.00 -100.00
 207    29.940 56705.77724278 20.44 151.074209  66.129604  4.933 -100.00 -100.00 -100.00
 207    30.441 56705.77724337 20.00 151.080686  66.129503  4.420 -100.00 -100.00 -100.00
 208    30.968 56715.69287424 20.23 151.065723  66.129271  5.418 -100.00 -100.00 -100.00
 208    30.263 56715.69287483 20.22 151.072200  66.129171  5.016 -100.00 -100.00 -100.00
 208    30.358 56715.69287542 19.47 151.078676  66.129071  4.379 -100.00 -100.00 -100.00
 210    30.759 56735.52417773 18.64 151.069506  66.129111  5.008 -100.00 -100.00 -100.00
 210    30.274 56735.52417832 18.46 151.075982  66.129011  4.898 -100.00 -100.00 -100.00
 211    30.907 56745.43982368 19.25 151.066849  66.130649  5.758 -100.00 -100.00 -100.00
 211    30.257 56745.43982427 18.99 151.073326  66.130548  5.516 -100.00 -100.00 -100.00
 211    30.466 56745.43982486 18.19 151.079803  66.130447  3.866 -100.00 -100.00 -100.00
 212    31.100 56755.35546533 18.46 151.063818  66.131929  3.748 -100.00 -100.00 -100.00
 212    29.622 56755.35546592 18.85 151.070295  66.131829  4.743 -100.00 -100.00 -100.00
 212    30.149 56755.35546651 18.66 151.076773  66.131728  4.623 -100.00 -100.00 -100.00
 213    31.016 56765.27110171 15.85 151.064591  66.132170  4.708 -100.00 -100.00 -100.00
 213    30.868 56765.27110230 15.17 151.071069  66.132070  4.011 -100.00 -100.00 -100.00
 213    30.685 56765.27110289 15.30 151.077546  66.131969  4.164 -100.00 -100.00 -100.00
 214    31.024 56775.18674061 14.52 151.069595  66.131372  3.610 -100.00 -100.00 -100.00
 214    30.568 56775.18674120 14.48 151.076073  66.131272  3.796 -100.00 -100.00 -100.00
 215    32.798 56785.10239742  8.18 151.069599  66.130715  5.959 -100.00 -100.00 -100.00
 215    33.063 56785.10239801  6.93 151.076076  66.130614  4.010 -100.00 -100.00 -100.00
 216    29.527 56795.01805049 17.26 151.068701  66.130547 13.717 -100.00 -100.00 -100.00
 216    29.463 56795.01805109 17.12 151.075178  66.130446 12.235 -100.00 -100.00 -100.00
 217    32.600 56804.93369978 29.26 151.068383  66.130539 17.440 -100.00 -100.00 -100.00
 217    31.530 56804.93370037 30.59 151.074860  66.130439 22.351 -100.00 -100.00 -100.00
 218    32.818 56814.84934218 40.93 151.069098  66.130000   -100 -100.00 -100.00 -100.00
 218    33.158 56814.84934277 43.63 151.075574  66.129899   -100 -100.00 -100.00 -100.00
 219    29.775 56824.76498116 34.56 151.070325  66.128861 29.181 -100.00 -100.00 -100.00
 219    29.783 56824.76498175 36.08 151.076801  66.128761   -100 -100.00 -100.00 -100.00
 221    27.957 56844.59624781 50.51 151.070327  66.127824 17.366 -100.00 -100.00 -100.00
 221    28.124 56844.59624840 51.72 151.076803  66.127723   -100 -100.00 -100.00 -100.00
 222    29.585 56854.51189215 30.94 151.066404  66.128614   -100 -100.00 -100.00 -100.00
 222    29.608 56854.51189274 28.66 151.072880  66.128514 27.381 -100.00 -100.00 -100.00
 222    29.414 56854.51189333 24.46 151.079356  66.128413 14.537 -100.00 -100.00 -100.00
 223    29.512 56864.42754582 38.48 151.066296  66.129395  6.110 -100.00 -100.00 -100.00
 223    29.761 56864.42754641 29.93 151.072772  66.129295 32.099 -100.00 -100.00 -100.00
 223    30.393 56864.42754700 23.93 151.079248  66.129194 14.895 -100.00 -100.00 -100.00
 224    29.210 56874.34319921 37.31 151.070461  66.129510   -100 -100.00 -100.00 -100.00
 224    28.308 56874.34319980 41.42 151.076937  66.129410 14.386 -100.00 -100.00 -100.00
 225    26.564 56884.25884875 44.83 151.067160  66.129266   -100 -100.00 -100.00 -100.00
 225    26.626 56884.25884934 49.03 151.073637  66.129165   -100 -100.00 -100.00 -100.00
 225    26.274 56884.25884993 50.15 151.080114  66.129064   -100 -100.00 -100.00 -100.00
 226    29.511 56894.17449531 40.27 151.065893  66.128925 20.335 -100.00 -100.00 -100.00
 226    29.533 56894.17449590 28.53 151.072370  66.128824 26.791 -100.00 -100.00 -100.00
 226    31.598 56894.17449649 24.37 151.078847  66.128723 14.675 -100.00 -100.00 -100.00
 227    29.567 56904.09013909 31.55 151.069222  66.129146   -100 -100.00 -100.00 -100.00
 227    31.605 56904.09013968 24.28 151.075699  66.129046 12.586 -100.00 -100.00 -100.00
 228    29.645 56914.00578012 37.85 151.064732  66.130398   -100 -100.00 -100.00 -100.00
 228    29.643 56914.00578071 26.22 151.071210  66.130297 17.588 -100.00 -100.00 -100.00
 228    29.785 56914.00578130 24.28 151.077687  66.130197 15.158 -100.00 -100.00 -100.00
 229    40.786 56923.92141986 38.14 151.065143  66.131706 13.885 -100.00 -100.00 -100.00
 229    23.655 56923.92142045 42.19 151.071620  66.131606   -100 -100.00 -100.00 -100.00
 229    23.464 56923.92142104 53.16 151.078098  66.131505   -100 -100.00 -100.00 -100.00
 230    40.835 56933.83705712 35.31 151.066721  66.132375 14.499 -100.00 -100.00 -100.00
 230    25.001 56933.83705771 41.00 151.073198  66.132274 15.607 -100.00 -100.00 -100.00
 230    23.704 56933.83705830 49.25 151.079676  66.132174   -100 -100.00 -100.00 -100.00
 231    23.422 56943.75268896 40.02 151.066725  66.131976 14.923 -100.00 -100.00 -100.00
 231    22.816 56943.75268955 42.25 151.073203  66.131876 23.436 -100.00 -100.00 -100.00
 231    22.097 56943.75269014 50.78 151.079680  66.131775   -100 -100.00 -100.00 -100.00
 232    21.332 56953.66833624 39.16 151.068881  66.130821 28.279 -100.00 -100.00 -100.00
 232    22.093 56953.66833683 44.02 151.075358  66.130720 27.440 -100.00 -100.00 -100.00
 233    22.248 56963.58398620 34.30 151.065966  66.130131 23.085 -100.00 -100.00 -100.00
 233    22.591 56963.58398679 35.20 151.072443  66.130030 22.979 -100.00 -100.00 -100.00
 233    22.095 56963.58398738 37.87 151.078919  66.129930   -100 -100.00 -100.00 -100.00
 234    21.919 56973.49963204 26.31 151.070313  66.130344 14.144 -100.00 -100.00 -100.00
 234    22.084 56973.49963264 27.18 151.076790  66.130244 14.942 -100.00 -100.00 -100.00
 235    28.928 56983.41527263 23.45 151.064436  66.130961  8.854 -100.00 -100.00 -100.00
 235    21.803 56983.41527322 24.80 151.070913  66.130861 12.792 -100.00 -100.00 -100.00
 235    22.154 56983.41527381 24.16 151.077390  66.130760 10.216 -100.00 -100.00 -100.00
 236    29.242 56993.33090921 21.91 151.066928  66.130499  8.568 -100.00 -100.00 -100.00
 236    28.773 56993.33090980 22.55 151.073405  66.130398  9.322 -100.00 -100.00 -100.00
 236    28.361 56993.33091039 22.95 151.079883  66.130298  9.298 -100.00 -100.00 -100.00
 237    29.320 57003.24654591 22.39 151.067883  66.128861  7.538 -100.00 -100.00 -100.00
 237    29.162 57003.24654650 20.28 151.074360  66.128761  5.987 -100.00 -100.00 -100.00
 237    28.871 57003.24654709 22.73 151.080837  66.128660  9.486 -100.00 -100.00 -100.00
 238    29.404 57013.16220262 21.69 151.069122  66.127246  7.831 -100.00 -100.00 -100.00
 238    29.368 57013.16220321 20.90 151.075599  66.127145  6.107 -100.00 -100.00 -100.00
 238    29.183 57013.16220380 21.63 151.082076  66.127044  7.538 -100.00 -100.00 -100.00
 239    29.634 57023.07785363 20.60 151.066954  66.127095  5.432 -100.00 -100.00 -100.00
 239    29.401 57023.07785422 21.40 151.073431  66.126995  6.931 -100.00 -100.00 -100.00
 239    29.981 57023.07785481 21.43 151.079908  66.126894  7.577 -100.00 -100.00 -100.00
 240    29.491 57032.99350244 19.85 151.069361  66.128656  5.022 -100.00 -100.00 -100.00
 240    28.996 57032.99350303 20.86 151.075838  66.128555  6.282 -100.00 -100.00 -100.00
 241    29.337 57042.90914883 20.60 151.069980  66.130141  5.438 -100.00 -100.00 -100.00
 241    28.943 57042.90914942 21.04 151.076457  66.130041  6.305 -100.00 -100.00 -100.00
 242    29.125 57052.82479261 21.57 151.067027  66.130417  7.305 -100.00 -100.00 -100.00
 242    29.144 57052.82479320 19.89 151.073504  66.130317  4.559 -100.00 -100.00 -100.00
 242    29.098 57052.82479379 20.40 151.079982  66.130216  6.278 -100.00 -100.00 -100.00
 243    29.381 57062.74043241 19.74 151.068971  66.129256  5.322 -100.00 -100.00 -100.00
 243    29.274 57062.74043300 19.78 151.075447  66.129155  5.558 -100.00 -100.00 -100.00
 244    29.643 57072.65606681 19.55 151.069059  66.128466  4.390 -100.00 -100.00 -100.00
 244    29.083 57072.65606740 19.86 151.075535  66.128366  4.943 -100.00 -100.00 -100.00
 245    29.534 57082.57169685 19.23 151.064762  66.129254  5.022 -100.00 -100.00 -100.00
 245    29.664 57082.57169744 19.57 151.071238  66.129154  5.616 -100.00 -100.00 -100.00
 245    29.252 57082.57169803 18.69 151.077715  66.129053  4.157 -100.00 -100.00 -100.00
 246    29.216 57092.48734399 19.76 151.068369  66.131175  6.490 -100.00 -100.00 -100.00
 246    28.819 57092.48734458 19.90 151.074846  66.131075  6.942 -100.00 -100.00 -100.00
 247    29.459 57102.40300113 20.35 151.068378  66.132920  6.787 -100.00 -100.00 -100.00
 247    29.878 57102.40300172 19.38 151.074856  66.132819  5.662 -100.00 -100.00 -100.00
 248    29.734 57112.31865481 17.13 151.069582  66.133004  4.220 -100.00 -100.00 -100.00
 248    29.604 57112.31865540 17.43 151.076059  66.132903  4.777 -100.00 -100.00 -100.00
 249    29.797 57122.23430209 16.71 151.065445  66.131544  4.295 -100.00 -100.00 -100.00
 249    29.686 57122.23430268 16.60 151.071922  66.131443  4.158 -100.00 -100.00 -100.00
 249    29.646 57122.23430327 17.65 151.078400  66.131343  5.503 -100.00 -100.00 -100.00
 250    29.939 57132.14994438 16.48 151.067349  66.129818  4.501 -100.00 -100.00 -100.00
 250    29.849 57132.14994497 16.72 151.073826  66.129718  4.466 -100.00 -100.00 -100.00
 250    28.865 57132.14994556 17.85 151.080304  66.129617  5.873 -100.00 -100.00 -100.00
 251    29.818 57142.06558140 15.93 151.064982  66.129515  5.091 -100.00 -100.00 -100.00
 251    30.056 57142.06558199 15.02 151.071459  66.129415  4.548 -100.00 -100.00 -100.00
 251    30.148 57142.06558258 15.02 151.077937  66.129314  4.338 -100.00 -100.00 -100.00
 252    29.551 57151.98121595 11.63 151.069618  66.130465  9.193 -100.00 -100.00 -100.00
 252    29.773 57151.98121654 11.99 151.076095  66.130365 10.445 -100.00 -100.00 -100.00
 253    29.405 57161.89684665 18.98 151.070121  66.131287 13.729 -100.00 -100.00 -100.00
 253    28.557 57161.89684724 19.97 151.076598  66.131187 17.813 -100.00 -100.00 -100.00
 254    28.576 57171.81250414 44.36 151.070381  66.130623  4.333 -100.00 -100.00 -100.00
 254    28.475 57171.81250473 50.77 151.076858  66.130523   -100 -100.00 -100.00 -100.00
 255    29.303 57181.72815845 46.48 151.067481  66.128727 22.032 -100.00 -100.00 -100.00
 255    28.596 57181.72815904 51.69 151.073957  66.128626   -100 -100.00 -100.00 -100.00
 255    28.375 57181.72815963 54.51 151.080434  66.128526   -100 -100.00 -100.00 -100.00
 256    29.603 57191.64380923 36.95 151.068559  66.126993  3.337 -100.00 -100.00 -100.00
 256    29.712 57191.64380982 29.85 151.075034  66.126892 26.034 -100.00 -100.00 -100.00
 256    29.307 57191.64381041 29.85 151.081510  66.126792 24.271 -100.00 -100.00 -100.00
 257    29.492 57201.55945711 28.99 151.070250  66.127093 31.030 -100.00 -100.00 -100.00
 257    31.774 57201.55945770 22.85 151.076725  66.126992 10.738 -100.00 -100.00 -100.00
 257    29.164 57201.55945829 25.98 151.083201  66.126891 18.844 -100.00 -100.00 -100.00
 258    29.563 57211.47509076 31.60 151.065406  66.128879   -100 -100.00 -100.00 -100.00
 258    29.373 57211.47509135 29.61 151.071882  66.128778 23.723 -100.00 -100.00 -100.00
 258    24.456 57211.47509194 30.77 151.078358  66.128677   -100 -100.00 -100.00 -100.00
 259    23.833 57221.39073458 43.00 151.065685  66.130630   -100 -100.00 -100.00 -100.00
 259    23.537 57221.39073517 46.62 151.072162  66.130530  3.758 -100.00 -100.00 -100.00
 259    23.538 57221.39073576 45.38 151.078639  66.130429 16.229 -100.00 -100.00 -100.00
 260    29.381 57231.30637742 26.22 151.069498  66.130791 17.655 -100.00 -100.00 -100.00
 260    29.494 57231.30637801 24.70 151.075976  66.130690 17.067 -100.00 -100.00 -100.00
 261    29.679 57241.22201697 41.74 151.064304  66.130008 24.536 -100.00 -100.00 -100.00
 261    24.256 57241.22201756 46.69 151.070781  66.129907  2.203 -100.00 -100.00 -100.00
 261    24.288 57241.22201815 50.78 151.077259  66.129807 16.726 -100.00 -100.00 -100.00
 262    29.467 57251.13765473 34.38 151.068330  66.128933   -100 -100.00 -100.00 -100.00
 262    29.359 57251.13765532 30.86 151.074808  66.128832   -100 -100.00 -100.00 -100.00
 262    24.869 57251.13765591 29.62 151.081284  66.128732   -100 -100.00 -100.00 -100.00
 263    29.631 57261.05329022 29.53 151.069319  66.129493   -100 -100.00 -100.00 -100.00
 263    29.312 57261.05329081 26.98 151.075797  66.129393 27.391 -100.00 -100.00 -100.00
 264    23.044 57270.96892388 35.87 151.064043  66.131476   -100 -100.00 -100.00 -100.00
 264    23.100 57270.96892447 41.19 151.070521  66.131376   -100 -100.00 -100.00 -100.00
 264    23.118 57270.96892506 40.35 151.076999  66.131275   -100 -100.00 -100.00 -100.00
 265    23.798 57280.88457962 38.28 151.069967  66.133219 29.679 -100.00 -100.00 -100.00
 265    24.211 57280.88458021 51.53 151.076445  66.133119   -100 -100.00 -100.00 -100.00
 266    23.933 57290.80023440 35.79 151.064683  66.133409   -100 -100.00 -100.00 -100.00
 266    24.608 57290.80023499 35.34 151.071161  66.133309 21.969 -100.00 -100.00 -100.00
 266    23.999 57290.80023558 39.24 151.077639  66.133208   -100 -100.00 -100.00 -100.00
 267    29.078 57300.71588711 35.77 151.069844  66.131660 23.619 -100.00 -100.00 -100.00
 267    30.060 57300.71588770 30.01 151.076321  66.131559  8.264 -100.00 -100.00 -100.00
 268    22.630 57310.63153542 41.07 151.067255  66.129469 28.006 -100.00 -100.00 -100.00
 268    22.167 57310.63153601 45.57 151.073731  66.129369  8.710 -100.00 -100.00 -100.00
 268    22.283 57310.63153660 45.51 151.080208  66.129268   -100 -100.00 -100.00 -100.00
 269    22.460 57320.54718046 37.83 151.065973  66.128616 30.103 -100.00 -100.00 -100.00
 269    22.461 57320.54718105 40.31 151.072450  66.128515 29.455 -100.00 -100.00 -100.00
 269    22.025 57320.54718164 45.61 151.078926  66.128414 18.719 -100.00 -100.00 -100.00
 270    22.372 57330.46282294 36.55 151.065946  66.129496 17.841 -100.00 -100.00 -100.00
 270    21.794 57330.46282353 39.18 151.072423  66.129395   -100 -100.00 -100.00 -100.00
 270    21.506 57330.46282412 40.79 151.078900  66.129294   -100 -100.00 -100.00 -100.00
 271    22.075 57340.37846362 34.32 151.069768  66.130938 30.775 -100.00 -100.00 -100.00
 271    22.120 57340.37846421 34.11 151.076245  66.130837 32.717 -100.00 -100.00 -100.00
 272    28.289 57350.29411334 27.98 151.064209  66.130875 15.868 -100.00 -100.00 -100.00
 272    28.992 57350.29411393 24.83 151.070687  66.130774  9.069 -100.00 -100.00 -100.00
 272    29.296 57350.29411452 23.45 151.077164  66.130673  6.734 -100.00 -100.00 -100.00
 273    29.499 57360.20975879 23.08 151.066934  66.128935  7.206 -100.00 -100.00 -100.00
 273    29.682 57360.20975938 21.87 151.073411  66.128834  5.058 -100.00 -100.00 -100.00
 273    29.975 57360.20975997 22.48 151.079888  66.128733  6.595 -100.00 -100.00 -100.00
 274    29.722 57370.12540099 22.70 151.068581  66.126742  5.534 -100.00 -100.00 -100.00
 274    29.905 57370.12540158 22.17 151.075058  66.126642  5.327 -100.00 -100.00 -100.00
 274    30.209 57370.12540217 23.01 151.081535  66.126541  6.942 -100.00 -100.00 -100.00
 275    29.732 57380.04104062 21.77 151.067809  66.126625  4.835 -100.00 -100.00 -100.00
 275    29.924 57380.04104121 21.36 151.074286  66.126525  4.658 -100.00 -100.00 -100.00
 275    30.132 57380.04104180 21.51 151.080763  66.126424  4.761 -100.00 -100.00 -100.00
 276    29.493 57389.95667906 21.52 151.066312  66.128666  5.263 -100.00 -100.00 -100.00
 276    29.468 57389.95667965 21.51 151.072790  66.128566  4.540 -100.00 -100.00 -100.00
 276    30.238 57389.95668024 21.87 151.079267  66.128465  5.133 -100.00 -100.00 -100.00
 277    29.682 57399.87231675 19.36 151.067070  66.130842  5.039 -100.00 -100.00 -100.00
 277    29.842 57399.87231734 19.48 151.073548  66.130742  4.415 -100.00 -100.00 -100.00
 277    30.052 57399.87231793 19.62 151.080025  66.130641  4.339 -100.00 -100.00 -100.00
 278    29.525 57409.78795547 19.24 151.067118  66.131380  4.192 -100.00 -100.00 -100.00
 278    29.661 57409.78795606 19.69 151.073595  66.131280  5.696 -100.00 -100.00 -100.00
 278    29.817 57409.78795665 19.01 151.080073  66.131179  4.157 -100.00 -100.00 -100.00
 279    29.731 57419.70360832 20.42 151.070091  66.130099  6.032 -100.00 -100.00 -100.00
 279    29.932 57419.70360891 20.55 151.076568  66.129999  5.479 -100.00 -100.00 -100.00
 280    29.798 57429.61925812 19.21 151.068099  66.129132  4.875 -100.00 -100.00 -100.00
 280    29.519 57429.61925871 19.43 151.074576  66.129031  5.025 -100.00 -100.00 -100.00
 280    30.228 57429.61925930 19.94 151.081052  66.128930  6.607 -100.00 -100.00 -100.00
 281    29.942 57439.53490568 18.40 151.066064  66.129740  5.420 -100.00 -100.00 -100.00
 281    29.828 57439.53490627 18.83 151.072540  66.129639  5.792 -100.00 -100.00 -100.00
 281    30.151 57439.53490686 17.62 151.079017  66.129538  4.432 -100.00 -100.00 -100.00
 282    29.480 57449.45055265 19.46 151.069690  66.131577  6.669 -100.00 -100.00 -100.00
 282    29.830 57449.45055324 18.13 151.076168  66.131476  5.114 -100.00 -100.00 -100.00
 283    29.286 57459.36619790 19.17 151.069362  66.133027  6.927 -100.00 -100.00 -100.00
 283    29.665 57459.36619849 18.15 151.075839  66.132926  4.702 -100.00 -100.00 -100.00
 284    30.057 57469.28183966 18.24 151.064647  66.132970  5.316 -100.00 -100.00 -100.00
 284    29.680 57469.28184025 18.65 151.071126  66.132869  6.441 -100.00 -100.00 -100.00
 284    29.942 57469.28184084 17.33 151.077604  66.132769  4.050 -100.00 -100.00 -100.00
 285    29.962 57479.19747817 17.61 151.068575  66.131178  4.640 -100.00 -100.00 -100.00
 285    29.875 57479.19747876 17.04 151.075053  66.131077  4.143 -100.00 -100.00 -100.00
 286    30.287 57489.11311294 16.88 151.065020  66.129416  4.923 -100.00 -100.00 -100.00
 286    30.123 57489.11311353 17.00 151.071497  66.129316  4.742 -100.00 -100.00 -100.00
 286    30.168 57489.11311412 16.35 151.077974  66.129215  4.131 -100.00 -100.00 -100.00
 287    29.548 57499.02874642 19.16 151.069347  66.128700  8.491 -100.00 -100.00 -100.00
 287    29.964 57499.02874701 16.42 151.075824  66.128600  4.381 -100.00 -100.00 -100.00
 288    33.519 57508.94438915  4.36 151.070244  66.129531  2.498 -100.00 -100.00 -100.00
 288    33.379 57508.94438974  4.34 151.076721  66.129430  2.731 -100.00 -100.00 -100.00
 289    30.720 57518.86004486 12.35 151.067319  66.130340  6.145 -100.00 -100.00 -100.00
 289    30.328 57518.86004545 13.20 151.073797  66.130240  7.137 -100.00 -100.00 -100.00
 289    30.078 57518.86004604 13.53 151.080274  66.130139  9.158 -100.00 -100.00 -100.00
 290    28.823 57528.77569805 40.82 151.067816  66.130359   -100 -100.00 -100.00 -100.00
 290    28.804 57528.77569864 44.41 151.074293  66.130259   -100 -100.00 -100.00 -100.00
 290    28.772 57528.77569923 44.58 151.080770  66.130158  5.355 -100.00 -100.00 -100.00
 291    27.169 57538.69134831 47.38 151.069087  66.128923   -100 -100.00 -100.00 -100.00
 291    27.067 57538.69134890 52.70 151.075563  66.128822 10.800 -100.00 -100.00 -100.00
 292    25.065 57548.60699543 50.90 151.065207  66.127482   -100 -100.00 -100.00 -100.00
 292    24.945 57548.60699602 51.75 151.071683  66.127381 10.727 -100.00 -100.00 -100.00
 292    24.804 57548.60699661 51.51 151.078159  66.127281   -100 -100.00 -100.00 -100.00
 293    23.919 57558.52264204 42.76 151.070838  66.127063   -100 -100.00 -100.00 -100.00
 293    23.699 57558.52264263 47.92 151.077313  66.126962   -100 -100.00 -100.00 -100.00
 293    24.012 57558.52264322 43.36 151.083789  66.126861   -100 -100.00 -100.00 -100.00
 294    29.490 57568.43828721 32.86 151.070254  66.128514   -100 -100.00 -100.00 -100.00
 294    23.544 57568.43828780 35.94 151.076730  66.128413  1.959 -100.00 -100.00 -100.00
 295    24.709 57578.35393143 42.26 151.065564  66.130353   -100 -100.00 -100.00 -100.00
 295    24.924 57578.35393202 46.84 151.072041  66.130252   -100 -100.00 -100.00 -100.00
 295    25.013 57578.35393261 47.77 151.078518  66.130152   -100 -100.00 -100.00 -100.00
 296    24.073 57588.26957459 40.58 151.065049  66.131234   -100 -100.00 -100.00 -100.00
 296    23.908 57588.26957518 41.42 151.071527  66.131134   -100 -100.00 -100.00 -100.00
 296    23.874 57588.26957578 45.76 151.078004  66.131033   -100 -100.00 -100.00 -100.00
 297    29.702 57598.18521533 31.75 151.065847  66.130793   -100 -100.00 -100.00 -100.00
 297    29.705 57598.18521592 26.33 151.072325  66.130693 18.629 -100.00 -100.00 -100.00
 297    25.532 57598.18521651 29.40 151.078802  66.130592 27.359 -100.00 -100.00 -100.00
