# NaN NaN NaN ;Mean Elev.(m), Avg Gradient(m/km), RMS Gradient(m/km) - SRTM1     
#   62.195  -8.817  24.798 ;Mean Elev.(m), Avg Gradient(m/km), RMS Gradient(m/km) - ASTER GDEM
#   98.800  -7.880  23.624 ;Mean Elev.(m), Avg Gradient(m/km), RMS Gradient(m/km) - GMTED2010 
   1   133.770 54667.05660580 18.39 152.462477  64.844054 18.110 -100.00 -100.00 -100.00
   1   132.897 54667.05660639 19.19 152.468329  64.844889 25.417 -100.00 -100.00 -100.00
   1   135.741 54667.05660698 16.14 152.474180  64.845723 21.062 -100.00 -100.00 -100.00
   2   131.919 54676.97225057 15.44 152.464500  64.845528 18.139 -100.00 -100.00 -100.00
   2   131.278 54676.97225117 18.18 152.470352  64.846362 26.225 -100.00 -100.00 -100.00
   6    68.437 54716.63482749 38.96 152.463632  64.844611   -100 -100.00 -100.00 -100.00
   6    68.501 54716.63482808 40.76 152.469483  64.845446   -100 -100.00 -100.00 -100.00
   8    70.189 54736.46612497 46.13 152.464648  64.842489 12.209 -100.00 -100.00 -100.00
   8    70.169 54736.46612556 47.06 152.470499  64.843324  8.197 -100.00 -100.00 -100.00
   8    70.138 54736.46612615 47.34 152.476350  64.844158 30.559 -100.00 -100.00 -100.00
   9    69.071 54746.38177234 43.15 152.463777  64.844254   -100 -100.00 -100.00 -100.00
   9    68.882 54746.38177293 45.08 152.469629  64.845089   -100 -100.00 -100.00 -100.00
  10    67.693 54756.29741951 45.14 152.465125  64.846254  0.226 -100.00 -100.00 -100.00
  10    67.634 54756.29742010 47.86 152.470977  64.847089 26.206 -100.00 -100.00 -100.00
  11    68.334 54766.21306452 34.99 152.462845  64.845729   -100 -100.00 -100.00 -100.00
  11    68.035 54766.21306511 33.85 152.468697  64.846564   -100 -100.00 -100.00 -100.00
  12    68.202 54776.12870679 30.43 152.465462  64.843809 23.994 -100.00 -100.00 -100.00
  12    68.206 54776.12870738 30.42 152.471314  64.844644 24.813 -100.00 -100.00 -100.00
  13    68.226 54786.04434647 28.99 152.466622  64.841829 22.918 -100.00 -100.00 -100.00
  13    68.189 54786.04434706 31.68 152.472474  64.842664   -100 -100.00 -100.00 -100.00
  13    68.202 54786.04434765 33.31 152.478326  64.843499   -100 -100.00 -100.00 -100.00
  14    70.903 54795.95998465 23.52 152.464804  64.841407 10.880 -100.00 -100.00 -100.00
  14    68.114 54795.95998524 26.16 152.470656  64.842242 17.569 -100.00 -100.00 -100.00
  14    68.286 54795.95998583 25.42 152.476507  64.843076 14.163 -100.00 -100.00 -100.00
  15    71.669 54805.87562271 19.89 152.466017  64.843391  6.767 -100.00 -100.00 -100.00
  15    72.581 54805.87562330 19.80 152.471868  64.844226  6.299 -100.00 -100.00 -100.00
  16    71.809 54815.79126002 20.21 152.465854  64.844932  8.792 -100.00 -100.00 -100.00
  16    73.173 54815.79126061 18.52 152.471706  64.845767  5.514 -100.00 -100.00 -100.00
  17    69.503 54825.70690663 22.01 152.461079  64.845040 12.859 -100.00 -100.00 -100.00
  17    69.576 54825.70690722 21.66 152.466930  64.845875 12.265 -100.00 -100.00 -100.00
  17    73.302 54825.70690781 19.89 152.472782  64.846710  9.511 -100.00 -100.00 -100.00
  18    72.762 54835.62254640 17.28 152.464820  64.845281  5.853 -100.00 -100.00 -100.00
  18    72.989 54835.62254699 17.07 152.470672  64.846116  5.868 -100.00 -100.00 -100.00
  19    72.053 54845.53819594 16.57 152.463513  64.845497  4.448 -100.00 -100.00 -100.00
  19    72.644 54845.53819654 17.54 152.469365  64.846332  6.752 -100.00 -100.00 -100.00
  20    71.860 54855.45384493 16.45 152.463016  64.846500  4.754 -100.00 -100.00 -100.00
  20    73.446 54855.45384552 16.00 152.468868  64.847335  4.463 -100.00 -100.00 -100.00
  23    73.291 54885.20078813 15.02 152.463137  64.847553  4.592 -100.00 -100.00 -100.00
  23    69.975 54885.20078872 16.37 152.468990  64.848388  7.067 -100.00 -100.00 -100.00
  24    73.160 54895.11643002 14.61 152.460878  64.844896  3.944 -100.00 -100.00 -100.00
  24    72.955 54895.11643061 15.04 152.466730  64.845731  4.792 -100.00 -100.00 -100.00
  24    73.168 54895.11643120 14.81 152.472583  64.846565  4.791 -100.00 -100.00 -100.00
  25    72.254 54905.03207002 15.76 152.466240  64.843736  5.273 -100.00 -100.00 -100.00
  25    72.088 54905.03207061 14.57 152.472093  64.844570  4.882 -100.00 -100.00 -100.00
  26    71.073 54914.94770802 14.63 152.462322  64.842828  4.903 -100.00 -100.00 -100.00
  26    72.834 54914.94770861 14.03 152.468174  64.843663  4.880 -100.00 -100.00 -100.00
  26    71.663 54914.94770920 13.53 152.474026  64.844498  4.279 -100.00 -100.00 -100.00
  27    72.399 54924.86334628 14.95 152.464473  64.844099  5.784 -100.00 -100.00 -100.00
  27    72.620 54924.86334687 13.49 152.470325  64.844933  3.797 -100.00 -100.00 -100.00
  28    72.968 54934.77898322 14.17 152.460989  64.844434  4.499 -100.00 -100.00 -100.00
  28    72.974 54934.77898381 13.62 152.466841  64.845269  4.343 -100.00 -100.00 -100.00
  28    73.071 54934.77898440 13.98 152.472692  64.846104  4.622 -100.00 -100.00 -100.00
  29    67.902 54944.69461845 18.14 152.460921  64.843855 11.343 -100.00 -100.00 -100.00
  29    72.929 54944.69461904 14.46 152.466772  64.844690  5.138 -100.00 -100.00 -100.00
  29    70.330 54944.69461963 15.04 152.472624  64.845525  6.505 -100.00 -100.00 -100.00
  30    69.002 54954.61025153 38.13 152.463680  64.842105   -100 -100.00 -100.00 -100.00
  30    68.924 54954.61025212 38.86 152.469530  64.842941   -100 -100.00 -100.00 -100.00
  30    68.842 54954.61025271 42.14 152.475381  64.843775 17.581 -100.00 -100.00 -100.00
  31    69.811 54964.52589771 50.07 152.465512  64.840967   -100 -100.00 -100.00 -100.00
  31    69.607 54964.52589830 47.22 152.471362  64.841802  7.490 -100.00 -100.00 -100.00
  31    69.625 54964.52589889 50.45 152.477213  64.842637   -100 -100.00 -100.00 -100.00
  32    70.643 54974.44154612 48.32 152.467380  64.841614   -100 -100.00 -100.00 -100.00
  32    70.569 54974.44154671 45.23 152.473230  64.842449   -100 -100.00 -100.00 -100.00
  32    70.543 54974.44154730 48.74 152.479081  64.843283 12.182 -100.00 -100.00 -100.00
  35    69.729 55004.18848765 47.39 152.461518  64.845585   -100 -100.00 -100.00 -100.00
  35    69.661 55004.18848824 49.10 152.467369  64.846420   -100 -100.00 -100.00 -100.00
  36    69.032 55014.10413226 42.71 152.464799  64.846122   -100 -100.00 -100.00 -100.00
  36    68.863 55014.10413285 47.17 152.470651  64.846957   -100 -100.00 -100.00 -100.00
  37    68.844 55024.01977461 27.02 152.459760  64.845254 19.471 -100.00 -100.00 -100.00
  37    73.458 55024.01977520 25.90 152.465612  64.846089 17.187 -100.00 -100.00 -100.00
  37    73.289 55024.01977579 28.46 152.471464  64.846923 21.500 -100.00 -100.00 -100.00
  38    67.836 55033.93541688 38.21 152.459745  64.845951  3.020 -100.00 -100.00 -100.00
  38    67.974 55033.93541747 31.77 152.465597  64.846786 32.692 -100.00 -100.00 -100.00
  40    67.452 55053.76669855 37.60 152.462998  64.846650  4.573 -100.00 -100.00 -100.00
  40    72.970 55053.76669914 32.40 152.468850  64.847485   -100 -100.00 -100.00 -100.00
  41    67.983 55063.68233591 43.27 152.461803  64.844606   -100 -100.00 -100.00 -100.00
  41    68.582 55063.68233650 45.41 152.467654  64.845441 27.064 -100.00 -100.00 -100.00
  41    67.623 55063.68233709 48.49 152.473505  64.846276 27.379 -100.00 -100.00 -100.00
  42    69.640 55073.59798187 42.97 152.466555  64.843658   -100 -100.00 -100.00 -100.00
  42    69.103 55073.59798247 45.30 152.472406  64.844492  7.423 -100.00 -100.00 -100.00
  43    72.087 55083.51362954 48.12 152.462806  64.842369   -100 -100.00 -100.00 -100.00
  43    71.905 55083.51363013 46.44 152.468656  64.843204   -100 -100.00 -100.00 -100.00
  43    71.922 55083.51363072 50.27 152.474507  64.844038 14.547 -100.00 -100.00 -100.00
  44    69.611 55093.42927620 46.23 152.463262  64.842993   -100 -100.00 -100.00 -100.00
  44    69.528 55093.42927679 47.92 152.469113  64.843827   -100 -100.00 -100.00 -100.00
  44    69.157 55093.42927738 48.52 152.474964  64.844662 12.560 -100.00 -100.00 -100.00
  45    68.350 55103.34492276 44.09 152.463808  64.844035   -100 -100.00 -100.00 -100.00
  45    68.064 55103.34492335 47.26 152.469659  64.844870  5.544 -100.00 -100.00 -100.00
  46    67.405 55113.26056900 34.84 152.463683  64.844731   -100 -100.00 -100.00 -100.00
  46    72.137 55113.26056959 35.69 152.469534  64.845565   -100 -100.00 -100.00 -100.00
  47    68.203 55123.17621284 39.88 152.464725  64.844379 29.940 -100.00 -100.00 -100.00
  47    67.758 55123.17621344 41.30 152.470577  64.845214   -100 -100.00 -100.00 -100.00
  48    67.636 55133.09185365 34.04 152.464839  64.843211   -100 -100.00 -100.00 -100.00
  48    67.809 55133.09185424 35.49 152.470691  64.844046   -100 -100.00 -100.00 -100.00
  48    67.871 55133.09185483 36.82 152.476543  64.844881   -100 -100.00 -100.00 -100.00
  49    68.267 55143.00749240 26.15 152.465459  64.842274 18.822 -100.00 -100.00 -100.00
  49    68.454 55143.00749299 29.81 152.471310  64.843109 25.074 -100.00 -100.00 -100.00
  49    68.307 55143.00749358 30.28 152.477162  64.843944 26.122 -100.00 -100.00 -100.00
  50    70.553 55152.92313065 21.31 152.466401  64.842700 12.401 -100.00 -100.00 -100.00
  50    71.452 55152.92313124 20.95 152.472253  64.843534 11.597 -100.00 -100.00 -100.00
  50    72.437 55152.92313183 17.19 152.478105  64.844369  6.432 -100.00 -100.00 -100.00
  51    71.538 55162.83876905 19.43 152.465261  64.843593  8.958 -100.00 -100.00 -100.00
  51    72.463 55162.83876964 17.82 152.471113  64.844428  6.332 -100.00 -100.00 -100.00
  52    70.057 55172.75440692 19.83 152.462103  64.844221 10.432 -100.00 -100.00 -100.00
  52    72.547 55172.75440751 17.09 152.467955  64.845056  5.854 -100.00 -100.00 -100.00
  52    72.712 55172.75440810 16.23 152.473807  64.845891  4.964 -100.00 -100.00 -100.00
  53    69.799 55182.67004376 18.45 152.465050  64.844897  7.393 -100.00 -100.00 -100.00
  53    72.494 55182.67004435 17.11 152.470901  64.845732  6.076 -100.00 -100.00 -100.00
  54    67.498 55192.58569456 27.45 152.460223  64.844822 31.441 -100.00 -100.00 -100.00
  54    70.048 55192.58569515 18.25 152.466074  64.845658  6.318 -100.00 -100.00 -100.00
  54    72.340 55192.58569574 16.79 152.471926  64.846493  5.763 -100.00 -100.00 -100.00
  55    72.961 55202.50134516 16.66 152.465212  64.846499  4.834 -100.00 -100.00 -100.00
  55    73.196 55202.50134575 16.24 152.471064  64.847333  5.366 -100.00 -100.00 -100.00
  58    70.912 55232.24829121 15.63 152.464620  64.846807  4.690 -100.00 -100.00 -100.00
  58    72.931 55232.24829180 14.75 152.470473  64.847642  4.188 -100.00 -100.00 -100.00
  59    72.575 55242.16393563 15.05 152.465290  64.845069  4.411 -100.00 -100.00 -100.00
  59    71.645 55242.16393622 15.46 152.471142  64.845904  4.469 -100.00 -100.00 -100.00
  60    70.674 55252.07957651 15.64 152.464441  64.843520  5.046 -100.00 -100.00 -100.00
  60    72.019 55252.07957710 15.03 152.470293  64.844355  5.296 -100.00 -100.00 -100.00
  60    72.875 55252.07957769 14.75 152.476145  64.845189  4.514 -100.00 -100.00 -100.00
  61    72.240 55261.99521540 15.90 152.465514  64.843399  5.015 -100.00 -100.00 -100.00
  61    71.748 55261.99521599 14.87 152.471366  64.844233  4.458 -100.00 -100.00 -100.00
  61    71.844 55261.99521658 14.81 152.477218  64.845068  4.537 -100.00 -100.00 -100.00
  62    71.797 55271.91085316 14.82 152.464379  64.843987  4.809 -100.00 -100.00 -100.00
  62    72.906 55271.91085375 15.13 152.470231  64.844821  5.846 -100.00 -100.00 -100.00
  63    72.419 55281.82649080 14.43 152.463833  64.844227  4.412 -100.00 -100.00 -100.00
  63    71.886 55281.82649139 14.23 152.469685  64.845061  4.232 -100.00 -100.00 -100.00
  64    72.400 55291.74212714 14.98 152.462743  64.843376  4.267 -100.00 -100.00 -100.00
  64    71.969 55291.74212773 14.39 152.468594  64.844211  3.719 -100.00 -100.00 -100.00
  64    73.188 55291.74212832 14.20 152.474445  64.845046  4.378 -100.00 -100.00 -100.00
  65    72.255 55301.65776145 13.78 152.464548  64.842177  4.183 -100.00 -100.00 -100.00
  65    71.014 55301.65776204 13.89 152.470399  64.843012  4.516 -100.00 -100.00 -100.00
  65    71.615 55301.65776263 13.89 152.476250  64.843847  4.538 -100.00 -100.00 -100.00
  66    71.222 55311.57340897 14.71 152.462600  64.841267  4.870 -100.00 -100.00 -100.00
  66    71.954 55311.57340956 14.75 152.468450  64.842102  5.737 -100.00 -100.00 -100.00
  66    71.031 55311.57341015 15.14 152.474301  64.842937  6.989 -100.00 -100.00 -100.00
  66    72.332 55311.57341074 13.70 152.480152  64.843771  4.474 -100.00 -100.00 -100.00
  67    67.717 55321.48905475 25.89 152.465788  64.842081   -100 -100.00 -100.00 -100.00
  67    67.819 55321.48905534 24.71 152.471639  64.842916   -100 -100.00 -100.00 -100.00
  67    68.826 55321.48905593 24.16 152.477489  64.843751   -100 -100.00 -100.00 -100.00
  68    71.553 55331.40469875 48.57 152.461850  64.842770   -100 -100.00 -100.00 -100.00
  68    71.566 55331.40469934 47.60 152.467701  64.843605   -100 -100.00 -100.00 -100.00
  68    71.458 55331.40469993 47.53 152.473552  64.844440   -100 -100.00 -100.00 -100.00
  69    72.593 55341.32034337 48.78 152.463996  64.844492   -100 -100.00 -100.00 -100.00
  69    72.680 55341.32034396 50.20 152.469847  64.845326 13.287 -100.00 -100.00 -100.00
  70    70.436 55351.23598765 49.41 152.465285  64.845231   -100 -100.00 -100.00 -100.00
  70    70.199 55351.23598824 47.18 152.471136  64.846065  1.051 -100.00 -100.00 -100.00
  71   134.605 55361.15162950  0.68 152.464414  64.845149  3.553 -100.00 -100.00 -100.00
  71   126.333 55361.15163009  7.43 152.470266  64.845984  4.395 -100.00 -100.00 -100.00
  72    73.677 55371.06726910 24.03 152.462197  64.845052 11.468 -100.00 -100.00 -100.00
  72    73.867 55371.06726969 25.58 152.468049  64.845887 11.028 -100.00 -100.00 -100.00
  73    69.607 55380.98290723 47.64 152.459779  64.845398   -100 -100.00 -100.00 -100.00
  73    69.915 55380.98290782 47.35 152.465631  64.846233   -100 -100.00 -100.00 -100.00
  73    69.437 55380.98290841 48.58 152.471482  64.847068  3.846 -100.00 -100.00 -100.00
  74    68.542 55390.89854492 44.38 152.460380  64.846206   -100 -100.00 -100.00 -100.00
  74    68.396 55390.89854551 48.64 152.466231  64.847041   -100 -100.00 -100.00 -100.00
  75    72.705 55400.81418145 25.04 152.462268  64.846026 18.218 -100.00 -100.00 -100.00
  75    73.403 55400.81418204 25.45 152.468119  64.846861 17.346 -100.00 -100.00 -100.00
  76    67.853 55410.72983015 27.03 152.463038  64.844592 22.673 -100.00 -100.00 -100.00
  76    73.175 55410.72983074 25.40 152.468889  64.845427 16.059 -100.00 -100.00 -100.00
  77    69.403 55420.64548011 41.20 152.463949  64.842648   -100 -100.00 -100.00 -100.00
  77    69.459 55420.64548070 42.23 152.469799  64.843483   -100 -100.00 -100.00 -100.00
  77    69.483 55420.64548129 43.40 152.475650  64.844318   -100 -100.00 -100.00 -100.00
  78    69.628 55430.56112683 50.30 152.462183  64.841377   -100 -100.00 -100.00 -100.00
  78    69.659 55430.56112742 50.31 152.468033  64.842212   -100 -100.00 -100.00 -100.00
  78    69.515 55430.56112801 49.57 152.473883  64.843046   -100 -100.00 -100.00 -100.00
  78    69.322 55430.56112861 50.67 152.479734  64.843881  5.440 -100.00 -100.00 -100.00
  79    71.151 55440.47677185 49.49 152.465308  64.842837  6.149 -100.00 -100.00 -100.00
  79    71.205 55440.47677244 49.11 152.471158  64.843672   -100 -100.00 -100.00 -100.00
  79    71.306 55440.47677303 51.16 152.477009  64.844506   -100 -100.00 -100.00 -100.00
  80    73.349 55450.39241499 27.27 152.463908  64.844306 15.591 -100.00 -100.00 -100.00
  80    73.994 55450.39241558 26.25 152.469759  64.845140 11.989 -100.00 -100.00 -100.00
  82    70.216 55470.22369940 48.44 152.465939  64.844092  6.342 -100.00 -100.00 -100.00
  82    70.309 55470.22369999 47.81 152.471791  64.844927   -100 -100.00 -100.00 -100.00
  83    68.202 55480.13933748 35.22 152.462681  64.841807   -100 -100.00 -100.00 -100.00
  83    72.036 55480.13933807 31.73 152.468532  64.842642 23.256 -100.00 -100.00 -100.00
  83    71.813 55480.13933866 33.46 152.474383  64.843477 29.078 -100.00 -100.00 -100.00
  84    68.148 55490.05497330 39.01 152.462771  64.840726 26.747 -100.00 -100.00 -100.00
  84    67.609 55490.05497389 41.95 152.468622  64.841561   -100 -100.00 -100.00 -100.00
  84    67.204 55490.05497508 38.68 152.480325  64.843230   -100 -100.00 -100.00 -100.00
  85    68.657 55499.97060735 30.27 152.466024  64.841660 21.357 -100.00 -100.00 -100.00
  85    68.522 55499.97060794 31.39 152.471875  64.842495 25.033 -100.00 -100.00 -100.00
  85    71.393 55499.97060853 29.46 152.477727  64.843329 20.850 -100.00 -100.00 -100.00
  86    71.855 55509.88624836 23.10 152.461950  64.842931  8.137 -100.00 -100.00 -100.00
  86    68.366 55509.88624895 25.23 152.467802  64.843766 12.531 -100.00 -100.00 -100.00
  86    68.306 55509.88624954 26.33 152.473653  64.844601 15.210 -100.00 -100.00 -100.00
  87    70.283 55519.80189830 24.41 152.461801  64.844604 10.941 -100.00 -100.00 -100.00
  87    69.030 55519.80189889 23.98 152.467653  64.845439  9.440 -100.00 -100.00 -100.00
  87    71.752 55519.80189948 23.76 152.473505  64.846274 10.833 -100.00 -100.00 -100.00
  88    68.542 55529.71754705 24.53 152.460224  64.844985 12.292 -100.00 -100.00 -100.00
  88    69.350 55529.71754764 23.24 152.466076  64.845820 10.134 -100.00 -100.00 -100.00
  88    68.879 55529.71754823 23.91 152.471927  64.846655 12.039 -100.00 -100.00 -100.00
  89    72.636 55539.63319455 21.10 152.463951  64.845314  8.688 -100.00 -100.00 -100.00
  89    73.079 55539.63319514 19.00 152.469802  64.846149  6.170 -100.00 -100.00 -100.00
  90    73.173 55549.54883956 18.33 152.464631  64.845471  6.087 -100.00 -100.00 -100.00
  90    73.381 55549.54884015 17.59 152.470483  64.846306  4.888 -100.00 -100.00 -100.00
  91    73.017 55559.46448292 18.29 152.464697  64.846465  6.537 -100.00 -100.00 -100.00
  91    73.388 55559.46448351 17.39 152.470549  64.847300  5.716 -100.00 -100.00 -100.00
  92    70.262 55569.38012503 19.05 152.460600  64.847073  7.386 -100.00 -100.00 -100.00
  92    71.208 55569.38012562 18.88 152.466452  64.847908  7.688 -100.00 -100.00 -100.00
  93    69.591 55579.29576643 20.05 152.459394  64.846693  9.778 -100.00 -100.00 -100.00
  93    71.225 55579.29576702 19.66 152.465246  64.847528  9.615 -100.00 -100.00 -100.00
  94    71.712 55589.21140535 19.08 152.460360  64.844569  7.907 -100.00 -100.00 -100.00
  94    72.736 55589.21140594 17.27 152.466212  64.845404  5.177 -100.00 -100.00 -100.00
  94    72.867 55589.21140653 16.88 152.472064  64.846239  4.753 -100.00 -100.00 -100.00
  95    72.168 55599.12704147 18.29 152.464708  64.841990  6.397 -100.00 -100.00 -100.00
  95    72.276 55599.12704206 17.40 152.470560  64.842826  5.748 -100.00 -100.00 -100.00
  95    71.724 55599.12704265 17.61 152.476412  64.843660  6.254 -100.00 -100.00 -100.00
  96    71.891 55609.04267497 17.69 152.466598  64.840486  6.635 -100.00 -100.00 -100.00
  96    72.383 55609.04267615 16.49 152.478300  64.842156  4.724 -100.00 -100.00 -100.00
  97    72.512 55618.95830685 16.16 152.467873  64.841275  4.790 -100.00 -100.00 -100.00
  97    72.518 55618.95830803 15.92 152.479576  64.842944  4.057 -100.00 -100.00 -100.00
  98    73.200 55628.87395520 15.18 152.466533  64.843758  4.564 -100.00 -100.00 -100.00
  98    71.631 55628.87395579 17.86 152.472384  64.844593  9.076 -100.00 -100.00 -100.00
  99    72.849 55638.78960574 15.10 152.460587  64.844199  4.163 -100.00 -100.00 -100.00
  99    72.891 55638.78960633 15.23 152.466439  64.845034  4.325 -100.00 -100.00 -100.00
  99    73.216 55638.78960692 14.54 152.472290  64.845869  4.192 -100.00 -100.00 -100.00
 100    72.763 55648.70525500 15.13 152.465418  64.843842  5.754 -100.00 -100.00 -100.00
 100    72.998 55648.70525559 16.02 152.471269  64.844677  6.689 -100.00 -100.00 -100.00
 101    72.612 55658.62090072 15.21 152.466403  64.841800  5.401 -100.00 -100.00 -100.00
 101    72.437 55658.62090131 14.31 152.472253  64.842635  4.124 -100.00 -100.00 -100.00
 101    72.672 55658.62090190 14.93 152.478104  64.843470  4.810 -100.00 -100.00 -100.00
 102    67.446 55668.53654223 18.19 152.463357  64.840453 21.545 -100.00 -100.00 -100.00
 102    67.140 55668.53654282 22.31 152.469207  64.841288   -100 -100.00 -100.00 -100.00
 102    67.595 55668.53654400 20.09 152.480908  64.842957 29.776 -100.00 -100.00 -100.00
 103    67.772 55678.45218213 21.23 152.466605  64.842229 20.303 -100.00 -100.00 -100.00
 103    67.975 55678.45218272 23.43 152.472456  64.843064 27.542 -100.00 -100.00 -100.00
 103    68.657 55678.45218331 24.74 152.478307  64.843899 29.450 -100.00 -100.00 -100.00
 104    69.370 55688.36781937 38.40 152.461879  64.843839   -100 -100.00 -100.00 -100.00
 104    69.523 55688.36781997 39.35 152.467730  64.844674   -100 -100.00 -100.00 -100.00
 104    69.315 55688.36782056 40.60 152.473581  64.845508 20.025 -100.00 -100.00 -100.00
 105    70.101 55698.28345592 41.49 152.464184  64.845556   -100 -100.00 -100.00 -100.00
 105    69.948 55698.28345652 44.71 152.470036  64.846391   -100 -100.00 -100.00 -100.00
 106   135.650 55708.19909233 19.45 152.464944  64.845231 17.988 -100.00 -100.00 -100.00
 106   138.242 55708.19909292 17.98 152.470795  64.846066 13.969 -100.00 -100.00 -100.00
 107    73.644 55718.11474335 43.15 152.465492  64.844710   -100 -100.00 -100.00 -100.00
 107    73.442 55718.11474394 45.58 152.471343  64.845545   -100 -100.00 -100.00 -100.00
 108    73.137 55728.03039162 34.81 152.464225  64.844650 16.463 -100.00 -100.00 -100.00
 108    74.037 55728.03039221 34.21 152.470077  64.845485 11.006 -100.00 -100.00 -100.00
 109    71.037 55737.94603817 48.76 152.460986  64.845255 10.946 -100.00 -100.00 -100.00
 109    71.082 55737.94603876 47.62 152.466838  64.846090   -100 -100.00 -100.00 -100.00
 111    70.793 55757.77732716 49.25 152.461527  64.846377 17.745 -100.00 -100.00 -100.00
 111    70.862 55757.77732775 49.86 152.467379  64.847211 13.790 -100.00 -100.00 -100.00
 112    69.818 55767.69296801 47.69 152.465070  64.844888  4.242 -100.00 -100.00 -100.00
 112    69.734 55767.69296860 48.68 152.470921  64.845723 21.902 -100.00 -100.00 -100.00
 113    69.327 55777.60860518 38.37 152.462888  64.841773   -100 -100.00 -100.00 -100.00
 113    69.373 55777.60860577 36.49 152.468738  64.842607   -100 -100.00 -100.00 -100.00
 113    69.476 55777.60860636 43.37 152.474589  64.843442   -100 -100.00 -100.00 -100.00
 114    70.220 55787.52424014 31.64 152.463694  64.840192 26.623 -100.00 -100.00 -100.00
 114    70.220 55787.52424073 33.41 152.469544  64.841027   -100 -100.00 -100.00 -100.00
 114    73.637 55787.52424192 35.52 152.481245  64.842696   -100 -100.00 -100.00 -100.00
 115    71.015 55797.43987400 34.41 152.466508  64.841300 22.536 -100.00 -100.00 -100.00
 115    72.155 55797.43987519 37.05 152.478209  64.842970 31.307 -100.00 -100.00 -100.00
 116    70.386 55807.35551684 34.56 152.462652  64.842820   -100 -100.00 -100.00 -100.00
 116    72.231 55807.35551743 31.20 152.468502  64.843655 22.889 -100.00 -100.00 -100.00
 116    70.825 55807.35551802 35.85 152.474353  64.844490   -100 -100.00 -100.00 -100.00
 118    70.640 55827.18681163 48.51 152.464215  64.843548   -100 -100.00 -100.00 -100.00
 118    70.403 55827.18681222 50.96 152.470066  64.844383 18.409 -100.00 -100.00 -100.00
 118    70.515 55827.18681281 51.80 152.475918  64.845218 11.946 -100.00 -100.00 -100.00
 119    68.481 55837.10245275 33.93 152.465271  64.841689 30.064 -100.00 -100.00 -100.00
 119    68.262 55837.10245334 37.78 152.471122  64.842524   -100 -100.00 -100.00 -100.00
 119    68.370 55837.10245393 38.60 152.476974  64.843359   -100 -100.00 -100.00 -100.00
 120    68.718 55847.01809077 44.22 152.466711  64.840530   -100 -100.00 -100.00 -100.00
 120    68.590 55847.01809195 39.29 152.478414  64.842200   -100 -100.00 -100.00 -100.00
 121    69.233 55856.93372623 33.07 152.465287  64.841366 25.698 -100.00 -100.00 -100.00
 121    69.370 55856.93372682 34.05 152.471138  64.842201 29.343 -100.00 -100.00 -100.00
 121    69.697 55856.93372741 33.49 152.476990  64.843036 27.322 -100.00 -100.00 -100.00
 122    71.109 55866.84937043 27.36 152.465771  64.844068 13.763 -100.00 -100.00 -100.00
 122    72.014 55866.84937102 27.99 152.471622  64.844903 14.515 -100.00 -100.00 -100.00
 123    72.419 55876.76502228 25.23 152.460331  64.845684 12.044 -100.00 -100.00 -100.00
 123    72.654 55876.76502287 23.87 152.466182  64.846520  8.514 -100.00 -100.00 -100.00
 124    71.271 55886.68066825 25.73 152.459603  64.845823 12.823 -100.00 -100.00 -100.00
 124    69.301 55886.68066884 25.66 152.465455  64.846658 12.418 -100.00 -100.00 -100.00
 125    72.249 55896.59630899 23.46 152.464655  64.845519  9.323 -100.00 -100.00 -100.00
 125    72.823 55896.59630958 23.62 152.470507  64.846354  8.976 -100.00 -100.00 -100.00
 126    71.933 55906.51194381 21.58 152.461870  64.843924  7.676 -100.00 -100.00 -100.00
 126    72.375 55906.51194440 21.09 152.467721  64.844759  5.981 -100.00 -100.00 -100.00
 126    72.424 55906.51194499 21.25 152.473573  64.845594  6.364 -100.00 -100.00 -100.00
 127    72.400 55916.42758854 21.30 152.462237  64.844499  7.128 -100.00 -100.00 -100.00
 127    72.530 55916.42758913 19.33 152.468088  64.845334  5.142 -100.00 -100.00 -100.00
 127    72.550 55916.42758972 21.42 152.473939  64.846169  7.490 -100.00 -100.00 -100.00
 128    71.919 55926.34324247 19.99 152.464994  64.846218  6.581 -100.00 -100.00 -100.00
 128    72.591 55926.34324306 21.87 152.470846  64.847053  9.555 -100.00 -100.00 -100.00
 129    71.531 55936.25889243 21.32 152.462061  64.846115  9.108 -100.00 -100.00 -100.00
 129    72.264 55936.25889302 21.46 152.467913  64.846950  9.954 -100.00 -100.00 -100.00
 130    71.738 55946.17453770 20.55 152.462402  64.844526  8.557 -100.00 -100.00 -100.00
 130    72.099 55946.17453829 19.98 152.468254  64.845361  7.543 -100.00 -100.00 -100.00
 130    72.389 55946.17453888 19.78 152.474106  64.846196  7.029 -100.00 -100.00 -100.00
 131    71.503 55956.09017828 20.35 152.461410  64.841973  7.366 -100.00 -100.00 -100.00
 131    72.422 55956.09017887 19.19 152.467262  64.842808  6.269 -100.00 -100.00 -100.00
 131    71.791 55956.09017946 19.65 152.473114  64.843643  7.371 -100.00 -100.00 -100.00
 131    71.914 55956.09018005 20.25 152.478966  64.844477  9.475 -100.00 -100.00 -100.00
 132    72.299 55966.00581676 18.04 152.464951  64.841155  5.414 -100.00 -100.00 -100.00
 132    72.381 55966.00581735 17.27 152.470802  64.841990  6.214 -100.00 -100.00 -100.00
 132    72.464 55966.00581794 17.65 152.476654  64.842825  7.164 -100.00 -100.00 -100.00
 133    72.159 55975.92145392 17.95 152.465126  64.842016  5.872 -100.00 -100.00 -100.00
 133    72.526 55975.92145451 17.17 152.470978  64.842851  6.890 -100.00 -100.00 -100.00
 133    71.395 55975.92145510 17.93 152.476830  64.843686  7.521 -100.00 -100.00 -100.00
 134    71.795 55985.83709007 17.39 152.463213  64.843362  5.571 -100.00 -100.00 -100.00
 134    71.708 55985.83709066 17.52 152.469065  64.844197  7.282 -100.00 -100.00 -100.00
 134    71.611 55985.83709125 17.19 152.474916  64.845031  6.873 -100.00 -100.00 -100.00
 135    71.504 55995.75272592 16.59 152.464897  64.844125  5.397 -100.00 -100.00 -100.00
 135    72.797 55995.75272651 16.00 152.470748  64.844960  5.331 -100.00 -100.00 -100.00
 136    71.292 56005.66837777 16.72 152.465867  64.843651  6.527 -100.00 -100.00 -100.00
 136    71.600 56005.66837836 15.41 152.471718  64.844486  4.786 -100.00 -100.00 -100.00
 137    72.321 56015.58402521 16.09 152.463117  64.841684  5.362 -100.00 -100.00 -100.00
 137    72.546 56015.58402580 15.32 152.468967  64.842519  4.280 -100.00 -100.00 -100.00
 137    71.331 56015.58402639 15.51 152.474818  64.843354  4.379 -100.00 -100.00 -100.00
 138    71.112 56025.49966992 17.87 152.461901  64.841195  7.596 -100.00 -100.00 -100.00
 138    72.562 56025.49967051 15.43 152.467751  64.842030  5.222 -100.00 -100.00 -100.00
 138    70.915 56025.49967110 16.81 152.473602  64.842865  7.829 -100.00 -100.00 -100.00
 138    72.638 56025.49967170 15.40 152.479453  64.843699  5.861 -100.00 -100.00 -100.00
 139    67.460 56035.41531306 17.49 152.461658  64.842698 23.717 -100.00 -100.00 -100.00
 139    67.439 56035.41531365 16.26 152.467509  64.843533 17.600 -100.00 -100.00 -100.00
 139    67.132 56035.41531424 22.11 152.473360  64.844367   -100 -100.00 -100.00 -100.00
 140    73.516 56045.33095465 16.07 152.465721  64.845408 16.139 -100.00 -100.00 -100.00
 140    73.523 56045.33095524 21.33 152.471573  64.846243   -100 -100.00 -100.00 -100.00
 141    73.313 56055.24659250 32.27 152.461025  64.845988 29.651 -100.00 -100.00 -100.00
 141    73.399 56055.24659309 33.50 152.466877  64.846823 31.805 -100.00 -100.00 -100.00
 142    73.023 56065.16222718 48.60 152.464871  64.846155   -100 -100.00 -100.00 -100.00
 142    72.786 56065.16222777 48.68 152.470722  64.846990  5.089 -100.00 -100.00 -100.00
 143   131.807 56075.07787212 20.69 152.463678  64.845235 23.364 -100.00 -100.00 -100.00
 143   134.643 56075.07787271 19.31 152.469530  64.846070 19.126 -100.00 -100.00 -100.00
 145    69.529 56094.90916875 48.09 152.464443  64.845627   -100 -100.00 -100.00 -100.00
 145    69.436 56094.90916934 49.08 152.470295  64.846462   -100 -100.00 -100.00 -100.00
 146    71.057 56104.82481328 48.60 152.460341  64.845236   -100 -100.00 -100.00 -100.00
 146    71.076 56104.82481387 48.99 152.466193  64.846071   -100 -100.00 -100.00 -100.00
 146    71.092 56104.82481446 49.62 152.472044  64.846906   -100 -100.00 -100.00 -100.00
 147    69.071 56114.74044375 42.07 152.461344  64.844593   -100 -100.00 -100.00 -100.00
 147    69.240 56114.74044434 43.84 152.467195  64.845428   -100 -100.00 -100.00 -100.00
 147    68.920 56114.74044493 44.65 152.473046  64.846263   -100 -100.00 -100.00 -100.00
 148    68.990 56124.65608220 43.75 152.464511  64.843709   -100 -100.00 -100.00 -100.00
 148    68.586 56124.65608279 44.56 152.470362  64.844544  7.636 -100.00 -100.00 -100.00
 149    68.709 56134.57171615 47.68 152.462827  64.841675   -100 -100.00 -100.00 -100.00
 149    68.466 56134.57171674 45.30 152.468677  64.842510  6.103 -100.00 -100.00 -100.00
 149    68.223 56134.57171733 48.94 152.474527  64.843345   -100 -100.00 -100.00 -100.00
 149    68.435 56134.57171792 47.15 152.480378  64.844179   -100 -100.00 -100.00 -100.00
 150    68.748 56144.48735654 33.25 152.462483  64.841070   -100 -100.00 -100.00 -100.00
 150    68.646 56144.48735713 34.13 152.468333  64.841905   -100 -100.00 -100.00 -100.00
 150    72.225 56144.48735772 34.33 152.474183  64.842740 32.757 -100.00 -100.00 -100.00
 150    73.531 56144.48735831 34.72 152.480033  64.843575 32.694 -100.00 -100.00 -100.00
 151    69.112 56154.40300707 30.91 152.465022  64.842343 26.500 -100.00 -100.00 -100.00
 151    69.071 56154.40300767 32.93 152.470872  64.843178   -100 -100.00 -100.00 -100.00
 151    73.456 56154.40300826 33.66 152.476723  64.844013 28.884 -100.00 -100.00 -100.00
 152    72.198 56164.31865587 43.59 152.461349  64.843247   -100 -100.00 -100.00 -100.00
 152    72.275 56164.31865646 44.81 152.467199  64.844082   -100 -100.00 -100.00 -100.00
 152    72.282 56164.31865705 45.94 152.473050  64.844917   -100 -100.00 -100.00 -100.00
 153    72.184 56174.23430313 41.28 152.463927  64.844356 32.417 -100.00 -100.00 -100.00
 153    72.255 56174.23430372 41.92 152.469778  64.845191   -100 -100.00 -100.00 -100.00
 154    69.989 56184.14994505 50.38 152.465228  64.844041  1.637 -100.00 -100.00 -100.00
 154    70.106 56184.14994564 50.83 152.471079  64.844876   -100 -100.00 -100.00 -100.00
 155    69.342 56194.06558307 39.60 152.465796  64.842893   -100 -100.00 -100.00 -100.00
 155    69.267 56194.06558366 38.99 152.471647  64.843728   -100 -100.00 -100.00 -100.00
 155    72.189 56194.06558425 40.66 152.477499  64.844563   -100 -100.00 -100.00 -100.00
 156    68.133 56203.98121830 43.83 152.466594  64.842494 21.556 -100.00 -100.00 -100.00
 156    68.529 56203.98121889 42.41 152.472445  64.843329   -100 -100.00 -100.00 -100.00
 156    68.503 56203.98121948 43.82 152.478297  64.844163   -100 -100.00 -100.00 -100.00
 157    68.275 56213.89685159 37.42 152.463068  64.842771   -100 -100.00 -100.00 -100.00
 157    72.097 56213.89685218 34.04 152.468919  64.843607 32.508 -100.00 -100.00 -100.00
 157    70.063 56213.89685277 36.36 152.474771  64.844441   -100 -100.00 -100.00 -100.00
 158    67.531 56223.81248639 42.52 152.464453  64.844516   -100 -100.00 -100.00 -100.00
 158    67.491 56223.81248698 37.48 152.470304  64.845351   -100 -100.00 -100.00 -100.00
 159    67.912 56233.72814225 35.99 152.462050  64.845829   -100 -100.00 -100.00 -100.00
 159    67.984 56233.72814284 32.82 152.467901  64.846664   -100 -100.00 -100.00 -100.00
 160    68.450 56243.64379443 33.04 152.463504  64.846370   -100 -100.00 -100.00 -100.00
 160    68.196 56243.64379502 29.70 152.469356  64.847205 27.455 -100.00 -100.00 -100.00
 161    68.813 56253.55944149 31.84 152.461649  64.845660   -100 -100.00 -100.00 -100.00
 161    68.986 56253.55944208 29.44 152.467500  64.846495 19.631 -100.00 -100.00 -100.00
 162    69.106 56263.47508428 33.95 152.460418  64.845226   -100 -100.00 -100.00 -100.00
 162    68.897 56263.47508487 29.65 152.466269  64.846061 29.322 -100.00 -100.00 -100.00
 162    68.950 56263.47508546 29.74 152.472121  64.846896 29.530 -100.00 -100.00 -100.00
 163    69.182 56273.39072583 30.12 152.465042  64.845903 28.343 -100.00 -100.00 -100.00
 163    68.936 56273.39072642 28.12 152.470893  64.846738 22.191 -100.00 -100.00 -100.00
 164    69.160 56283.30636904 24.37 152.463569  64.845411 17.410 -100.00 -100.00 -100.00
 164    69.159 56283.30636963 25.92 152.469421  64.846246 21.208 -100.00 -100.00 -100.00
 165    69.552 56293.22202031 21.43 152.460349  64.844214 10.750 -100.00 -100.00 -100.00
 165    71.953 56293.22202090 18.80 152.466201  64.845050  6.329 -100.00 -100.00 -100.00
 165    72.871 56293.22202149 18.91 152.472053  64.845884  8.149 -100.00 -100.00 -100.00
 166    72.376 56303.13766785 18.26 152.464405  64.843447  6.248 -100.00 -100.00 -100.00
 166    72.777 56303.13766844 17.44 152.470257  64.844282  4.989 -100.00 -100.00 -100.00
 166    72.719 56303.13766903 16.93 152.476109  64.845117  5.095 -100.00 -100.00 -100.00
 167    72.287 56313.05331058 17.97 152.461603  64.842261  5.587 -100.00 -100.00 -100.00
 167    72.513 56313.05331117 16.97 152.467455  64.843096  4.095 -100.00 -100.00 -100.00
 167    72.844 56313.05331177 16.99 152.473307  64.843931  5.318 -100.00 -100.00 -100.00
 168    72.573 56322.96895190 17.41 152.465330  64.843155  5.626 -100.00 -100.00 -100.00
 168    72.559 56322.96895249 16.60 152.471182  64.843990  4.535 -100.00 -100.00 -100.00
 168    72.576 56322.96895308 17.69 152.477035  64.844824  7.369 -100.00 -100.00 -100.00
 169    72.304 56332.88459188 16.86 152.461598  64.843589  4.265 -100.00 -100.00 -100.00
 169    72.759 56332.88459247 17.18 152.467449  64.844424  5.416 -100.00 -100.00 -100.00
 169    72.820 56332.88459306 17.78 152.473301  64.845258  6.064 -100.00 -100.00 -100.00
 170    71.548 56342.80023164 16.61 152.461096  64.843756  4.502 -100.00 -100.00 -100.00
 170    72.772 56342.80023223 16.21 152.466947  64.844591  4.453 -100.00 -100.00 -100.00
 170    72.996 56342.80023282 16.38 152.472799  64.845426  4.675 -100.00 -100.00 -100.00
 171    72.277 56352.71586909 16.17 152.461117  64.843059  4.179 -100.00 -100.00 -100.00
 171    72.388 56352.71586968 16.44 152.466968  64.843894  4.664 -100.00 -100.00 -100.00
 171    72.922 56352.71587027 16.16 152.472819  64.844729  4.544 -100.00 -100.00 -100.00
 172    72.282 56362.63151080 16.55 152.463882  64.842538  4.721 -100.00 -100.00 -100.00
 172    72.524 56362.63151139 16.21 152.469732  64.843374  4.757 -100.00 -100.00 -100.00
 172    72.586 56362.63151198 15.41 152.475583  64.844208  4.107 -100.00 -100.00 -100.00
 173    72.334 56372.54716016 15.73 152.466049  64.843051  5.511 -100.00 -100.00 -100.00
 173    72.492 56372.54716075 15.27 152.471900  64.843886  4.527 -100.00 -100.00 -100.00
 173    71.887 56372.54716134 16.17 152.477751  64.844721  6.538 -100.00 -100.00 -100.00
 175    71.301 56392.37845089 16.17 152.462930  64.845639  5.835 -100.00 -100.00 -100.00
 175    72.696 56392.37845148 15.84 152.468782  64.846474  6.056 -100.00 -100.00 -100.00
 176    67.277 56402.29409336 24.49 152.459687  64.846021   -100 -100.00 -100.00 -100.00
 176    67.397 56402.29409395 15.35 152.465538  64.846856 13.911 -100.00 -100.00 -100.00
 177    67.516 56412.20973345 23.32 152.461194  64.846160 28.968 -100.00 -100.00 -100.00
 177    73.454 56412.20973404 19.89 152.467046  64.846995 16.152 -100.00 -100.00 -100.00
 178   139.275 56422.12536829 16.42 152.460757  64.845152  9.619 -100.00 -100.00 -100.00
 178   139.021 56422.12536888 16.40 152.466609  64.845987 10.744 -100.00 -100.00 -100.00
 178   139.307 56422.12536947 16.16 152.472461  64.846822  8.786 -100.00 -100.00 -100.00
 179    72.429 56432.04100927 44.39 152.461560  64.845001   -100 -100.00 -100.00 -100.00
 179    72.482 56432.04100986 44.68 152.467411  64.845836   -100 -100.00 -100.00 -100.00
 180    71.833 56441.95666208 41.62 152.462782  64.845958   -100 -100.00 -100.00 -100.00
 180    71.835 56441.95666268 44.79 152.468634  64.846793   -100 -100.00 -100.00 -100.00
 181   137.245 56451.87231215  4.87 152.462204  64.846456  4.831 -100.00 -100.00 -100.00
 181   138.229 56451.87231274  5.88 152.468056  64.847291  4.950 -100.00 -100.00 -100.00
 182    70.907 56461.78795960 31.48 152.460624  64.845532 17.131 -100.00 -100.00 -100.00
 182    72.575 56461.78796019 31.25 152.466475  64.846367 15.422 -100.00 -100.00 -100.00
 183    70.628 56471.70360431 47.99 152.465251  64.844560   -100 -100.00 -100.00 -100.00
 183    70.737 56471.70360490 48.96 152.471102  64.845394   -100 -100.00 -100.00 -100.00
 184    70.596 56481.61924484 47.79 152.463307  64.842667   -100 -100.00 -100.00 -100.00
 184    70.607 56481.61924543 50.13 152.469158  64.843502   -100 -100.00 -100.00 -100.00
 184    70.206 56481.61924602 47.53 152.475009  64.844336 17.474 -100.00 -100.00 -100.00
 185    70.405 56491.53488226 48.18 152.466970  64.842764   -100 -100.00 -100.00 -100.00
 185    69.937 56491.53488285 50.36 152.472820  64.843599 30.587 -100.00 -100.00 -100.00
 185    69.962 56491.53488344 49.47 152.478671  64.844434 26.047 -100.00 -100.00 -100.00
 186    69.769 56501.45051650 40.57 152.462997  64.842787   -100 -100.00 -100.00 -100.00
 186    69.466 56501.45051709 38.69 152.468847  64.843622   -100 -100.00 -100.00 -100.00
 186    70.888 56501.45051768 36.59 152.474698  64.844457   -100 -100.00 -100.00 -100.00
 187    71.299 56511.36615002 50.35 152.466449  64.843926 11.759 -100.00 -100.00 -100.00
 187    71.328 56511.36615061 51.38 152.472300  64.844761 21.138 -100.00 -100.00 -100.00
 188    71.264 56521.28179497 45.45 152.461869  64.843467   -100 -100.00 -100.00 -100.00
 188    71.396 56521.28179556 48.83 152.467720  64.844302  4.922 -100.00 -100.00 -100.00
 188    71.318 56521.28179615 48.06 152.473571  64.845137  1.456 -100.00 -100.00 -100.00
 189    74.068 56531.19744849 39.94 152.466358  64.843763 30.195 -100.00 -100.00 -100.00
 189    74.498 56531.19744909 42.21 152.472210  64.844598 30.838 -100.00 -100.00 -100.00
 191    70.234 56551.02874272 47.99 152.465474  64.843316   -100 -100.00 -100.00 -100.00
 191    70.223 56551.02874331 51.14 152.471326  64.844151 10.007 -100.00 -100.00 -100.00
 191    70.195 56551.02874390 49.64 152.477178  64.844985 16.946 -100.00 -100.00 -100.00
 192    69.863 56560.94438524 47.28 152.461982  64.844464 17.841 -100.00 -100.00 -100.00
 192    69.864 56560.94438583 48.11 152.467833  64.845298  9.900 -100.00 -100.00 -100.00
 192    69.863 56560.94438642 48.48 152.473686  64.846133 15.327 -100.00 -100.00 -100.00
 193    68.491 56570.86002729 47.35 152.464701  64.846673   -100 -100.00 -100.00 -100.00
 193    68.274 56570.86002788 49.11 152.470553  64.847508  4.856 -100.00 -100.00 -100.00
 194    69.401 56580.77566722 38.49 152.462033  64.847144   -100 -100.00 -100.00 -100.00
 194    69.206 56580.77566781 33.98 152.467885  64.847979   -100 -100.00 -100.00 -100.00
 195    69.342 56590.69130334 26.12 152.463705  64.846246 13.586 -100.00 -100.00 -100.00
 195    72.693 56590.69130393 24.54 152.469557  64.847081  9.343 -100.00 -100.00 -100.00
 196    69.180 56600.60695041 24.81 152.460852  64.844695 11.203 -100.00 -100.00 -100.00
 196    72.242 56600.60695100 22.24 152.466703  64.845530  7.574 -100.00 -100.00 -100.00
 196    73.019 56600.60695159 22.01 152.472555  64.846365  7.309 -100.00 -100.00 -100.00
 197    72.650 56610.52260088 19.24 152.463845  64.844942  5.193 -100.00 -100.00 -100.00
 197    73.042 56610.52260147 18.93 152.469696  64.845777  5.384 -100.00 -100.00 -100.00
 198    70.684 56620.43824612 22.51 152.460559  64.845476 11.773 -100.00 -100.00 -100.00
 198    72.173 56620.43824671 19.86 152.466411  64.846311  7.713 -100.00 -100.00 -100.00
 199    73.151 56630.35388899 17.73 152.464270  64.846806  5.088 -100.00 -100.00 -100.00
 199    73.311 56630.35388958 17.47 152.470122  64.847640  4.312 -100.00 -100.00 -100.00
 200    73.023 56640.26952789 17.29 152.465056  64.846003  5.241 -100.00 -100.00 -100.00
 200    72.797 56640.26952848 17.35 152.470908  64.846838  5.514 -100.00 -100.00 -100.00
 201    72.338 56650.18517407 17.19 152.463222  64.843509  4.322 -100.00 -100.00 -100.00
 201    72.222 56650.18517466 17.05 152.469074  64.844344  4.024 -100.00 -100.00 -100.00
 201    72.384 56650.18517525 17.25 152.474926  64.845179  5.448 -100.00 -100.00 -100.00
 202    72.429 56660.10082487 17.26 152.464313  64.841882  4.193 -100.00 -100.00 -100.00
 202    72.241 56660.10082546 17.17 152.470165  64.842717  4.512 -100.00 -100.00 -100.00
 202    72.625 56660.10082605 17.18 152.476017  64.843551  5.120 -100.00 -100.00 -100.00
 203    72.274 56670.01647182 17.35 152.461987  64.841622  5.448 -100.00 -100.00 -100.00
 203    72.317 56670.01647242 17.00 152.467838  64.842457  5.639 -100.00 -100.00 -100.00
 203    72.466 56670.01647301 16.36 152.473690  64.843291  4.376 -100.00 -100.00 -100.00
 203    72.829 56670.01647360 16.19 152.479543  64.844126  4.644 -100.00 -100.00 -100.00
 204    72.132 56679.93211724 16.74 152.465288  64.844188  4.981 -100.00 -100.00 -100.00
 204    72.842 56679.93211783 16.10 152.471140  64.845023  3.856 -100.00 -100.00 -100.00
 205    72.276 56689.84776041 15.62 152.463624  64.845690  4.211 -100.00 -100.00 -100.00
 205    72.228 56689.84776100 14.96 152.469476  64.846525  3.908 -100.00 -100.00 -100.00
 206    72.085 56699.76340026 15.82 152.460584  64.845049  4.364 -100.00 -100.00 -100.00
 206    73.051 56699.76340085 15.45 152.466436  64.845885  4.773 -100.00 -100.00 -100.00
 206    72.364 56699.76340144 14.96 152.472288  64.846719  4.262 -100.00 -100.00 -100.00
 207    71.554 56709.67903588 15.98 152.463262  64.843385  5.268 -100.00 -100.00 -100.00
 207    72.509 56709.67903647 14.80 152.469113  64.844220  3.859 -100.00 -100.00 -100.00
 207    72.867 56709.67903706 14.50 152.474964  64.845055  3.397 -100.00 -100.00 -100.00
 208    71.202 56719.59467652 15.45 152.462417  64.841986  4.898 -100.00 -100.00 -100.00
 208    72.605 56719.59467711 15.08 152.468267  64.842821  4.384 -100.00 -100.00 -100.00
 208    72.609 56719.59467770 15.15 152.474118  64.843656  4.982 -100.00 -100.00 -100.00
 210    73.146 56739.42597743 14.99 152.463170  64.845716  3.944 -100.00 -100.00 -100.00
 210    73.302 56739.42597802 14.31 152.469021  64.846551  3.536 -100.00 -100.00 -100.00
 213    70.816 56769.17289503 14.28 152.463810  64.846524  6.056 -100.00 -100.00 -100.00
 213    72.797 56769.17289562 12.74 152.469662  64.847359  3.615 -100.00 -100.00 -100.00
 214    67.266 56779.08854375 22.16 152.460480  64.844691 31.485 -100.00 -100.00 -100.00
 214    67.260 56779.08854434 19.25 152.466331  64.845526 22.600 -100.00 -100.00 -100.00
 214    67.199 56779.08854493 20.53 152.472183  64.846361 26.682 -100.00 -100.00 -100.00
 215    67.604 56789.00419972 17.74 152.463699  64.845223 16.955 -100.00 -100.00 -100.00
 215    72.546 56789.00420031 18.45 152.469551  64.846058 18.748 -100.00 -100.00 -100.00
 216    68.705 56798.91985168 38.28 152.460551  64.845960  3.045 -100.00 -100.00 -100.00
 216    68.649 56798.91985227 37.32 152.466403  64.846795   -100 -100.00 -100.00 -100.00
 217    74.458 56808.83549795 40.04 152.461320  64.847213 23.750 -100.00 -100.00 -100.00
 217    74.400 56808.83549854 43.47 152.467172  64.848048   -100 -100.00 -100.00 -100.00
 218    73.762 56818.75113870 42.62 152.463888  64.846955 31.915 -100.00 -100.00 -100.00
 218    73.810 56818.75113929 47.08 152.469740  64.847790   -100 -100.00 -100.00 -100.00
 219    72.282 56828.66677546 48.23 152.464638  64.844740   -100 -100.00 -100.00 -100.00
 219    72.311 56828.66677605 47.61 152.470489  64.845575   -100 -100.00 -100.00 -100.00
 221    71.901 56848.49803996 49.42 152.465479  64.841142   -100 -100.00 -100.00 -100.00
 221    71.700 56848.49804115 49.46 152.477179  64.842812   -100 -100.00 -100.00 -100.00
 222    70.357 56858.41369424 29.00 152.460885  64.842679 21.615 -100.00 -100.00 -100.00
 222    73.232 56858.41369483 26.56 152.466735  64.843514 17.702 -100.00 -100.00 -100.00
 222    73.645 56858.41369542 27.44 152.472586  64.844349 18.221 -100.00 -100.00 -100.00
 223    72.481 56868.32934804 39.72 152.461669  64.845343 28.885 -100.00 -100.00 -100.00
 223    72.196 56868.32934863 38.76 152.467520  64.846178 28.383 -100.00 -100.00 -100.00
 224    71.704 56878.24499958 50.43 152.460872  64.846021  5.670 -100.00 -100.00 -100.00
 224    71.771 56878.24500017 50.19 152.466724  64.846856   -100 -100.00 -100.00 -100.00
 225    70.625 56888.16064821 49.30 152.465113  64.845655  7.125 -100.00 -100.00 -100.00
 225    70.620 56888.16064880 50.58 152.470964  64.846490 18.146 -100.00 -100.00 -100.00
 226    68.960 56898.07629322 40.23 152.460491  64.843585  6.052 -100.00 -100.00 -100.00
 226    68.972 56898.07629381 41.27 152.466342  64.844420 14.264 -100.00 -100.00 -100.00
 226    69.168 56898.07629440 40.91 152.472194  64.845255   -100 -100.00 -100.00 -100.00
 227    69.430 56907.99193664 43.11 152.464546  64.844523 28.751 -100.00 -100.00 -100.00
 227    69.127 56907.99193723 44.25 152.470398  64.845357   -100 -100.00 -100.00 -100.00
 228    68.954 56917.90757773 46.32 152.464669  64.846607   -100 -100.00 -100.00 -100.00
 228    68.883 56917.90757832 48.57 152.470521  64.847441 18.719 -100.00 -100.00 -100.00
 231    68.215 56947.65448351 45.10 152.463595  64.846587   -100 -100.00 -100.00 -100.00
 231    67.980 56947.65448410 50.65 152.469446  64.847422 22.135 -100.00 -100.00 -100.00
 232    68.023 56957.57013705 28.02 152.463739  64.844982 19.369 -100.00 -100.00 -100.00
 232    71.795 56957.57013764 26.68 152.469590  64.845817 14.407 -100.00 -100.00 -100.00
 233    67.815 56967.48578525 30.55 152.463459  64.844325   -100 -100.00 -100.00 -100.00
 233    67.684 56967.48578584 29.69 152.469310  64.845160   -100 -100.00 -100.00 -100.00
 234    72.815 56977.40142977 16.12 152.465409  64.845425  5.982 -100.00 -100.00 -100.00
 234    73.093 56977.40143036 16.25 152.471260  64.846260  5.599 -100.00 -100.00 -100.00
 235    71.051 56987.31706920 17.44 152.461366  64.845799  7.033 -100.00 -100.00 -100.00
 235    72.905 56987.31706979 15.87 152.467218  64.846634  4.995 -100.00 -100.00 -100.00
 236    71.089 56997.23270287 18.45 152.460381  64.844896  7.989 -100.00 -100.00 -100.00
 236    72.471 56997.23270346 16.78 152.466232  64.845731  5.650 -100.00 -100.00 -100.00
 236    73.243 56997.23270405 16.32 152.472084  64.846566  5.513 -100.00 -100.00 -100.00
 237    71.687 57007.14834944 17.99 152.461680  64.843317  7.041 -100.00 -100.00 -100.00
 237    72.750 57007.14835003 15.90 152.467532  64.844152  3.740 -100.00 -100.00 -100.00
 237    72.778 57007.14835062 16.70 152.473384  64.844987  5.664 -100.00 -100.00 -100.00
 238    72.348 57017.06400318 17.51 152.461687  64.841750  6.014 -100.00 -100.00 -100.00
 238    72.438 57017.06400377 16.73 152.467539  64.842585  5.092 -100.00 -100.00 -100.00
 238    72.690 57017.06400437 16.00 152.473390  64.843420  4.335 -100.00 -100.00 -100.00
 238    72.840 57017.06400496 16.06 152.479242  64.844254  5.399 -100.00 -100.00 -100.00
 239    72.467 57026.97965396 17.31 152.466989  64.842453  5.195 -100.00 -100.00 -100.00
 239    72.709 57026.97965455 16.30 152.472840  64.843288  4.221 -100.00 -100.00 -100.00
 239    72.521 57026.97965514 16.33 152.478693  64.844123  4.849 -100.00 -100.00 -100.00
 240    72.430 57036.89530211 16.96 152.463702  64.843872  5.621 -100.00 -100.00 -100.00
 240    72.549 57036.89530270 18.05 152.469554  64.844707  7.942 -100.00 -100.00 -100.00
 240    72.090 57036.89530329 16.54 152.475406  64.845541  5.197 -100.00 -100.00 -100.00
 241    71.610 57046.81094782 16.64 152.462085  64.845454  4.742 -100.00 -100.00 -100.00
 241    73.017 57046.81094841 16.38 152.467936  64.846289  4.996 -100.00 -100.00 -100.00
 242    71.748 57056.72659020 15.65 152.463893  64.846141  4.234 -100.00 -100.00 -100.00
 242    73.275 57056.72659079 15.78 152.469744  64.846976  4.792 -100.00 -100.00 -100.00
 243    72.020 57066.64222672 15.83 152.461918  64.844445  4.288 -100.00 -100.00 -100.00
 243    72.791 57066.64222731 15.54 152.467769  64.845280  4.612 -100.00 -100.00 -100.00
 243    73.226 57066.64222790 15.24 152.473620  64.846115  5.315 -100.00 -100.00 -100.00
 244    72.885 57076.55785922 15.89 152.463397  64.843447  4.819 -100.00 -100.00 -100.00
 244    73.191 57076.55785981 15.51 152.469248  64.844282  4.664 -100.00 -100.00 -100.00
 244    73.338 57076.55786040 15.40 152.475099  64.845117  4.489 -100.00 -100.00 -100.00
 245    72.234 57086.47348889 15.65 152.465516  64.843464  4.368 -100.00 -100.00 -100.00
 245    72.555 57086.47348948 15.26 152.471367  64.844299  4.650 -100.00 -100.00 -100.00
 246    72.532 57096.38914799 15.36 152.465255  64.845992  5.192 -100.00 -100.00 -100.00
 246    72.743 57096.38914858 15.06 152.471106  64.846827  5.046 -100.00 -100.00 -100.00
 249    71.448 57126.13610051 13.98 152.461829  64.847044  4.961 -100.00 -100.00 -100.00
 249    73.230 57126.13610110 13.68 152.467681  64.847879  5.001 -100.00 -100.00 -100.00
 250    72.637 57136.05174048 15.11 152.464584  64.845692  5.850 -100.00 -100.00 -100.00
 250    67.104 57136.05174107 17.15 152.470436  64.846527 10.885 -100.00 -100.00 -100.00
 251    67.336 57145.96737584 23.50 152.462969  64.844265   -100 -100.00 -100.00 -100.00
 251    67.714 57145.96737643 18.67 152.468821  64.845100 24.224 -100.00 -100.00 -100.00
 251    67.747 57145.96737702 16.57 152.474673  64.845935 18.526 -100.00 -100.00 -100.00
 252    73.257 57155.88300919 21.03 152.464982  64.844376 16.756 -100.00 -100.00 -100.00
 252    73.570 57155.88300978 21.57 152.470834  64.845211 14.562 -100.00 -100.00 -100.00
 253    68.880 57165.79865071 43.55 152.465438  64.844882   -100 -100.00 -100.00 -100.00
 253    69.042 57165.79865130 46.59 152.471289  64.845718   -100 -100.00 -100.00 -100.00
 254    71.136 57175.71430697 49.49 152.462350  64.844963  4.150 -100.00 -100.00 -100.00
 254    71.186 57175.71430757 50.72 152.468201  64.845798 10.007 -100.00 -100.00 -100.00
 255   120.209 57185.62995990 16.42 152.464557  64.844421 29.496 -100.00 -100.00 -100.00
 255   120.605 57185.62996049 23.99 152.470408  64.845256 18.279 -100.00 -100.00 -100.00
 256    71.956 57195.54560824 45.16 152.461845  64.842798   -100 -100.00 -100.00 -100.00
 256    71.994 57195.54560883 48.68 152.467695  64.843633 13.398 -100.00 -100.00 -100.00
 256    72.024 57195.54560942 48.65 152.473546  64.844468 12.513 -100.00 -100.00 -100.00
 257    69.551 57205.46124328 35.08 152.461775  64.842563   -100 -100.00 -100.00 -100.00
 257    69.413 57205.46124387 34.51 152.467626  64.843398   -100 -100.00 -100.00 -100.00
 257    72.931 57205.46124446 32.79 152.473476  64.844232 25.008 -100.00 -100.00 -100.00
 258    69.702 57215.37688877 48.73 152.462898  64.843948   -100 -100.00 -100.00 -100.00
 258    69.741 57215.37688936 49.72 152.468749  64.844782   -100 -100.00 -100.00 -100.00
 258    69.593 57215.37688995 49.66 152.474600  64.845617  0.025 -100.00 -100.00 -100.00
 259    69.826 57225.29253281 46.54 152.462913  64.845324 28.850 -100.00 -100.00 -100.00
 259    69.761 57225.29253340 48.45 152.468764  64.846159 31.044 -100.00 -100.00 -100.00
 260    72.509 57235.20817473 26.63 152.461941  64.845647 20.520 -100.00 -100.00 -100.00
 260    73.340 57235.20817532 25.94 152.467793  64.846482 17.706 -100.00 -100.00 -100.00
 261    69.171 57245.12381326 45.16 152.461695  64.844936   -100 -100.00 -100.00 -100.00
 261    69.169 57245.12381385 48.36 152.467547  64.845771   -100 -100.00 -100.00 -100.00
 262    70.236 57255.03944908 46.48 152.460278  64.843902   -100 -100.00 -100.00 -100.00
 262    70.269 57255.03944967 46.81 152.466129  64.844737   -100 -100.00 -100.00 -100.00
 262    70.226 57255.03945026 47.84 152.471981  64.845572   -100 -100.00 -100.00 -100.00
 263    69.436 57264.95508389 46.67 152.461200  64.844311   -100 -100.00 -100.00 -100.00
 263    69.491 57264.95508448 48.57 152.467051  64.845146   -100 -100.00 -100.00 -100.00
 263    68.966 57264.95508507 52.81 152.472903  64.845981 27.271 -100.00 -100.00 -100.00
 264    69.611 57274.87072559 48.77 152.463900  64.845971   -100 -100.00 -100.00 -100.00
 264    69.581 57274.87072618 50.80 152.469752  64.846806   -100 -100.00 -100.00 -100.00
 265    69.214 57284.78638276 47.86 152.463226  64.847381 32.684 -100.00 -100.00 -100.00
 265    69.234 57284.78638335 46.27 152.469078  64.848216 28.070 -100.00 -100.00 -100.00
 266    69.345 57294.70203701 46.77 152.462812  64.847360   -100 -100.00 -100.00 -100.00
 266    68.933 57294.70203760 49.80 152.468664  64.848195 28.748 -100.00 -100.00 -100.00
 267    68.335 57304.61768730 35.25 152.459767  64.845998   -100 -100.00 -100.00 -100.00
 267    68.679 57304.61768789 38.27 152.465618  64.846833   -100 -100.00 -100.00 -100.00
 268    68.330 57314.53333425 41.26 152.461694  64.845302 32.733 -100.00 -100.00 -100.00
 268    68.037 57314.53333484 43.38 152.467545  64.846137   -100 -100.00 -100.00 -100.00
 269    67.269 57324.44897772 35.72 152.460357  64.844924   -100 -100.00 -100.00 -100.00
 269    67.194 57324.44897831 35.61 152.466208  64.845759   -100 -100.00 -100.00 -100.00
 269    67.213 57324.44897890 27.36 152.472060  64.846593 20.627 -100.00 -100.00 -100.00
 270    67.741 57334.36461995 35.83 152.465301  64.845733   -100 -100.00 -100.00 -100.00
 270    67.655 57334.36462054 34.99 152.471153  64.846568   -100 -100.00 -100.00 -100.00
 271    67.616 57344.28025930 28.37 152.460908  64.844957 25.532 -100.00 -100.00 -100.00
 271    67.503 57344.28025989 28.55 152.466760  64.845792 26.282 -100.00 -100.00 -100.00
 271    71.130 57344.28026048 22.25 152.472612  64.846627  9.481 -100.00 -100.00 -100.00
 272    71.340 57354.19591324 21.11 152.462015  64.844841  7.478 -100.00 -100.00 -100.00
 272    71.842 57354.19591383 20.27 152.467867  64.845675  6.602 -100.00 -100.00 -100.00
 273    70.410 57364.11155715 23.86 152.462347  64.843952 12.429 -100.00 -100.00 -100.00
 273    68.075 57364.11155774 28.46 152.468199  64.844787 25.321 -100.00 -100.00 -100.00
 273    68.488 57364.11155833 23.45 152.474051  64.845621 10.983 -100.00 -100.00 -100.00
 274    71.569 57374.02719802 21.41 152.466349  64.843627  9.963 -100.00 -100.00 -100.00
 274    72.027 57374.02719861 19.76 152.472202  64.844461  7.743 -100.00 -100.00 -100.00
 275    71.403 57383.94283656 19.75 152.464811  64.843519  7.738 -100.00 -100.00 -100.00
 275    72.459 57383.94283715 18.33 152.470662  64.844354  5.205 -100.00 -100.00 -100.00
 275    71.995 57383.94283774 19.55 152.476515  64.845189  8.018 -100.00 -100.00 -100.00
 276    71.397 57393.85847459 20.10 152.462333  64.843669  8.000 -100.00 -100.00 -100.00
 276    71.819 57393.85847518 18.38 152.468185  64.844504  5.620 -100.00 -100.00 -100.00
 276    72.075 57393.85847577 17.87 152.474037  64.845339  5.561 -100.00 -100.00 -100.00
 277    71.433 57403.77411176 17.96 152.460551  64.843840  6.165 -100.00 -100.00 -100.00
 277    71.929 57403.77411235 18.31 152.466403  64.844676  5.682 -100.00 -100.00 -100.00
 277    72.394 57403.77411294 18.21 152.472254  64.845511  6.472 -100.00 -100.00 -100.00
 278    72.636 57413.68975766 18.11 152.462039  64.844233  6.102 -100.00 -100.00 -100.00
 278    72.739 57413.68975825 18.87 152.467890  64.845068  6.621 -100.00 -100.00 -100.00
 278    72.702 57413.68975884 19.09 152.473741  64.845903  8.340 -100.00 -100.00 -100.00
 279    72.687 57423.60540929 17.43 152.463151  64.844720  6.396 -100.00 -100.00 -100.00
 279    72.621 57423.60540989 17.33 152.469002  64.845555  5.913 -100.00 -100.00 -100.00
 280    70.944 57433.52105772 18.06 152.460268  64.845060  6.174 -100.00 -100.00 -100.00
 280    69.893 57433.52105831 19.46 152.466119  64.845895  9.188 -100.00 -100.00 -100.00
 280    72.967 57433.52105890 18.65 152.471971  64.846730  8.117 -100.00 -100.00 -100.00
 281    69.948 57443.43670483 20.21 152.461577  64.846528  9.498 -100.00 -100.00 -100.00
 281    70.415 57443.43670542 17.39 152.467429  64.847363  6.750 -100.00 -100.00 -100.00
 282    71.888 57453.35235096 17.54 152.459989  64.847298  6.036 -100.00 -100.00 -100.00
 282    69.771 57453.35235155 19.31 152.465841  64.848133  8.794 -100.00 -100.00 -100.00
 284    68.658 57473.18363646 19.13 152.461418  64.846178 11.562 -100.00 -100.00 -100.00
 284    72.667 57473.18363705 17.95 152.467270  64.847013  8.015 -100.00 -100.00 -100.00
 285    67.244 57483.09927357 23.14 152.462234  64.844697 23.060 -100.00 -100.00 -100.00
 285    70.242 57483.09927416 16.46 152.468086  64.845533  6.756 -100.00 -100.00 -100.00
 286    67.484 57493.01490756 19.90 152.461637  64.843604 13.582 -100.00 -100.00 -100.00
 286    72.861 57493.01490815 16.04 152.467489  64.844439  6.932 -100.00 -100.00 -100.00
 286    73.062 57493.01490874 15.23 152.473340  64.845274  5.018 -100.00 -100.00 -100.00
 287    67.202 57502.93053992 23.60 152.464516  64.844028 24.149 -100.00 -100.00 -100.00
 287    73.080 57502.93054051 15.87 152.470368  64.844863  7.047 -100.00 -100.00 -100.00
 288    72.406 57512.84619180 25.55 152.465275  64.844845 21.839 -100.00 -100.00 -100.00
 288    68.346 57512.84619239 28.60 152.471126  64.845680 30.802 -100.00 -100.00 -100.00
 289   121.011 57522.76184643 17.94 152.462502  64.844448 10.859 -100.00 -100.00 -100.00
 289   134.097 57522.76184702  6.04 152.468353  64.845283  4.254 -100.00 -100.00 -100.00
 289   134.260 57522.76184761  4.08 152.474205  64.846117  4.085 -100.00 -100.00 -100.00
 290   135.798 57532.67749874 21.98 152.460610  64.843268 23.017 -100.00 -100.00 -100.00
 290   135.463 57532.67749933 23.01 152.466460  64.844103 31.515 -100.00 -100.00 -100.00
 290   135.028 57532.67749992 24.65 152.472311  64.844938   -100 -100.00 -100.00 -100.00
 291    69.905 57542.59314836 45.58 152.463917  64.842970 17.513 -100.00 -100.00 -100.00
 291    69.891 57542.59314895 44.42 152.469768  64.843805 13.628 -100.00 -100.00 -100.00
 291    70.372 57542.59314954 40.59 152.475619  64.844639   -100 -100.00 -100.00 -100.00
 292    68.995 57552.50879469 37.96 152.461429  64.842827   -100 -100.00 -100.00 -100.00
 292    68.820 57552.50879528 38.36 152.467280  64.843662   -100 -100.00 -100.00 -100.00
 292    69.154 57552.50879587 36.25 152.473131  64.844496 32.663 -100.00 -100.00 -100.00
 293    68.830 57562.42443995 44.34 152.462103  64.844044   -100 -100.00 -100.00 -100.00
 293    69.123 57562.42444054 47.73 152.467954  64.844879   -100 -100.00 -100.00 -100.00
 293    68.992 57562.42444113 50.58 152.473805  64.845714   -100 -100.00 -100.00 -100.00
 294    68.682 57572.34008483 41.50 152.463164  64.845291  2.261 -100.00 -100.00 -100.00
 294    68.849 57572.34008542 43.35 152.469016  64.846126   -100 -100.00 -100.00 -100.00
 295    69.422 57582.25572955 44.41 152.464186  64.845611 30.575 -100.00 -100.00 -100.00
 295    68.984 57582.25573014 47.94 152.470037  64.846446   -100 -100.00 -100.00 -100.00
 296    71.248 57592.17137230 49.81 152.464323  64.845168   -100 -100.00 -100.00 -100.00
 296    71.203 57592.17137289 49.63 152.470175  64.846003  3.104 -100.00 -100.00 -100.00
 297    69.745 57602.08701233 44.37 152.463024  64.844772   -100 -100.00 -100.00 -100.00
 297    69.729 57602.08701292 42.66 152.468876  64.845607   -100 -100.00 -100.00 -100.00
