# NaN NaN NaN ;Mean Elev.(m), Avg Gradient(m/km), RMS Gradient(m/km) - SRTM1     
#   -0.283  -0.856   6.236 ;Mean Elev.(m), Avg Gradient(m/km), RMS Gradient(m/km) - ASTER GDEM
#   42.469   0.217   6.808 ;Mean Elev.(m), Avg Gradient(m/km), RMS Gradient(m/km) - GMTED2010 
   2 150.810334  66.134676    24.465    24.004  5 54673.07042861 35.290
   4 150.807703  66.136582    25.352    24.955  5 54692.90171415 31.806
   6 150.811170  66.134097    23.875    23.274  5 54712.73300324 36.154
   8 150.816167  66.131525    26.588    25.778  5 54732.56430303 31.331
   9 150.814618  66.132293    30.244    29.963  6 54742.47994973 35.327
  10 150.813673  66.133059    23.329    23.323  6 54752.39559629 44.098
  11 150.814481  66.132888    22.788    22.827  5 54762.31124270 42.420
  12 150.813098  66.131552    22.537    22.524  5 54772.22688645 40.658
  13 150.817670  66.130393    25.669    26.663  5 54782.14252779 38.063
  14 150.815537  66.130396    31.691    31.861  4 54792.05816602 27.517
  15 150.813896  66.131815    31.709    31.946  5 54801.97380321 27.554
  16 150.813352  66.133146    31.676    31.655  6 54811.88944040 27.186
  17 150.811990  66.133737    31.781    32.013  5 54821.80508191 24.397
  18 150.813890  66.133272    32.109    32.116  5 54831.72073418 23.019
  19 150.812978  66.133311    31.840    31.943  6 54841.63637275 22.501
  20 150.810909  66.134395    31.853    31.840  5 54851.55202150 21.766
  21 150.809166  66.135981    31.690    31.793  5 54861.46766990 22.255
  22 150.807252  66.136733    31.962    32.038  6 54871.38331832 24.791
  23 150.811539  66.135453    32.120    32.057  5 54881.29896571 20.711
  24 150.811799  66.132891    31.782    31.620  5 54891.21460949 19.759
  25 150.818502  66.130673    32.231    32.404  5 54901.13025092 19.769
  26 150.816958  66.130828    32.298    32.324  5 54911.04588978 18.954
  27 150.815157  66.132462    32.281    32.214  5 54920.96152746 18.505
  28 150.810338  66.133674    31.919    31.819  5 54930.87716431 19.010
  29 150.811816  66.132908    32.205    32.180  5 54940.79280042 17.307
  30 150.816425  66.131026    32.201    32.261  5 54950.70843518 17.039
  31 150.816676  66.129694    24.346    24.371  5 54960.62407541 40.242
  32 150.816799  66.130370    26.471    24.818  5 54970.53972405 44.785
  33 150.813704  66.132186    31.073    31.114  6 54980.45537121 35.981
  35 150.812483  66.133838    26.266    26.450  5 55000.28666530 35.350
  36 150.815234  66.133526    24.532    24.495  5 55010.20231080 52.251
  37 150.812666  66.133364    24.066    24.020  5 55020.11795422 48.161
  38 150.812222  66.134378    23.834    23.864  5 55030.03359662 41.163
  39 150.808123  66.135790    23.194    23.137  5 55039.94923805 48.887
  40 150.808809  66.136517    25.047    24.548  5 55049.86487857 31.999
  41 150.809844  66.135289    23.793    23.814  5 55059.78051700 43.501
  42 150.814224  66.132658    24.125    24.130  5 55069.69615776 51.968
  43 150.817011  66.130380    29.674    29.657  5 55079.61180753 49.407
  44 150.815636  66.130271    27.061    27.046  4 55089.52745492 54.280
  45 150.813869  66.131966    25.690    25.186  6 55099.44310105 30.430
  46 150.811129  66.133682    23.104    22.976  5 55109.35874658 44.162
  47 150.815309  66.133304    23.227    23.056  5 55119.27439140 43.042
  48 150.812416  66.131230    23.499    23.394  5 55129.19003311 34.545
  49 150.815032  66.129305    32.089    32.048  5 55139.10567328 21.120
  50 150.816631  66.129656    31.168    31.124  4 55149.02131205 17.880
  51 150.816337  66.131991    31.334    31.178  5 55158.93695025 17.134
  52 150.810248  66.134215    31.734    31.797  5 55168.85258762 17.638
  53 150.808668  66.134820    31.744    31.619  5 55178.76822448 17.335
  54 150.812063  66.133832    31.975    31.914  5 55188.68387046 17.702
  55 150.811247  66.133416    31.960    31.909  5 55198.59952105 17.776
  56 150.811014  66.134205    31.927    31.936  5 55208.51517077 17.991
  57 150.808336  66.135628    31.801    31.853  5 55218.43081974 17.155
  58 150.807247  66.135842    31.819    31.860  5 55228.34646810 17.320
  59 150.810224  66.134394    31.962    31.948  5 55238.26211381 17.587
  60 150.815597  66.131802    31.964    31.972  5 55248.17775621 17.199
  61 150.815731  66.130033    31.887    31.851  5 55258.09339571 16.894
  62 150.813001  66.130254    31.714    31.834  5 55268.00903416 16.980
  63 150.815071  66.131938    32.095    32.189  6 55277.92467264 17.056
  64 150.813331  66.133181    31.894    31.857  5 55287.84030955 15.860
  65 150.812259  66.132938    31.620    31.640  5 55297.75594415 16.531
  66 150.816740  66.131045    32.135    32.307  5 55307.67158665 16.056
  67 150.816598  66.129610    32.054    32.021  5 55317.58723306 10.737
  68 150.818737  66.129935    23.688    23.038  5 55327.50287855 35.369
  69 150.813648  66.131987    29.120    29.097  5 55337.41852254 54.206
  70 150.813204  66.133952    32.025    32.463  5 55347.33416650 27.057
  71 150.813783  66.134645    32.658    32.638  5 55357.24980897 26.043
  72 150.812937  66.134351    25.414    25.292  5 55367.16544929 48.463
  73 150.810700  66.133944    32.736    32.729  5 55377.08108803 23.019
  74 150.812531  66.134238    25.131    25.106  5 55386.99672627 48.695
  75 150.811130  66.134939    23.340    23.405  5 55396.91236331 52.068
  76 150.809930  66.135074    24.163    22.953  5 55406.82800575 37.781
  77 150.810842  66.133865    23.346    23.314  5 55416.74365702 48.673
  78 150.814634  66.131697    24.946    24.931  6 55426.65930516 52.388
  79 150.818484  66.130233    28.216    29.673  5 55436.57495061 28.731
  80 150.814734  66.130450    30.187    29.744  5 55446.49059403 29.868
  81 150.814710  66.131726    32.078    32.643  5 55456.40623725 28.242
  82 150.812960  66.132914    27.965    27.970  6 55466.32187963 51.314
  83 150.813477  66.132643    32.214    32.375  5 55476.23751910 29.681
  84 150.812068  66.131280    23.304    23.226  5 55486.15315524 46.145
  85 150.817078  66.129999    24.573    22.860  5 55496.06878981 38.474
  86 150.812337  66.130689    27.498    26.805  5 55505.98442439 34.630
  87 150.813501  66.132383    27.627    26.968  5 55515.90007502 30.699
  88 150.812269  66.134127    31.679    31.981  5 55525.81572452 27.090
  89 150.810211  66.134776    31.665    31.718  5 55535.73137195 26.545
  90 150.809057  66.134517    31.837    31.888  5 55545.64701736 23.278
  91 150.809614  66.134347    31.762    31.495  5 55555.56266108 23.989
  92 150.809666  66.134695    31.295    31.469  5 55565.47830384 22.495
  93 150.811284  66.134810    31.456    31.314  5 55575.39394612 21.009
  94 150.811825  66.133930    31.646    31.652  6 55585.30958663 21.598
  95 150.811818  66.132427    31.548    31.486  5 55595.22522379 21.647
  96 150.815140  66.131130    31.669    31.395  6 55605.14085802 21.686
  97 150.816460  66.130808    32.139    32.073  5 55615.05648998 21.211
  98 150.814262  66.131480    31.912    31.915  6 55624.97212978 21.086
  99 150.815432  66.132067    31.992    32.093  5 55634.88778226 20.767
 100 150.814553  66.132148    32.061    32.125  6 55644.80343237 18.982
 101 150.812530  66.131631    32.533    32.499  5 55654.71907958 19.585
 102 150.813572  66.130875    32.124    31.891  5 55664.63472254 17.999
 103 150.818203  66.130697    32.660    32.701  5 55674.55036285 19.294
 104 150.814697  66.131564    32.365    32.374  5 55684.46600080 13.610
 105 150.814369  66.132910    24.353    24.389  5 55694.38163782 34.154
 106 150.811646  66.134081    25.121    24.708  5 55704.29727325 37.350
 107 150.813963  66.134386    32.277    32.750  5 55714.21291971 33.620
 108 150.809298  66.134440    32.005    32.349  5 55724.12856837 31.587
 109 150.814182  66.134587    31.574    31.548  5 55734.04421595 42.334
 110 150.810391  66.134962    27.520    27.530  5 55743.95986148 54.400
 111 150.809108  66.134710    27.454    27.361  5 55753.87550576 54.515
 112 150.811228  66.133346    26.598    26.546  5 55763.79114808 53.676
 113 150.813160  66.131611    25.452    25.277  5 55773.70678758 51.489
 114 150.815339  66.130424    24.675    24.170  5 55783.62242370 39.875
 115 150.816248  66.130968    28.032    28.024  5 55793.53805725 54.662
 116 150.813038  66.132284    29.702    30.093  5 55803.45369275 27.132
 117 150.811140  66.132936    29.154    28.489  5 55813.36934231 30.595
 118 150.814711  66.132245    27.080    27.057  6 55823.28499049 49.248
 119 150.812902  66.131096    31.096    32.005  5 55833.20063343 26.625
 120 150.818012  66.130446    23.792    23.781  5 55843.11627278 49.508
 121 150.812909  66.131252    22.777    22.703  5 55853.03190814 42.276
 122 150.813501  66.132970    22.824    22.878  5 55862.94754391 36.445
 123 150.810899  66.134202    22.596    22.644  5 55872.86319780 33.398
 124 150.813668  66.134424    26.363    27.443  5 55882.77884717 28.769
 125 150.811301  66.134194    30.831    30.906  5 55892.69448965 25.737
 126 150.810134  66.134147    29.044    30.077  5 55902.61012660 25.079
 127 150.808865  66.134785    31.528    31.191  5 55912.52576254 21.476
 128 150.809483  66.135355    32.005    31.959  5 55922.44141688 20.564
 129 150.811231  66.134902    31.961    31.798  5 55932.35706852 19.973
 130 150.813369  66.132948    32.046    32.128  5 55942.27271597 18.750
 131 150.812530  66.130685    31.717    31.454  5 55952.18835879 18.574
 132 150.816043  66.129827    31.612    31.490  5 55962.10399855 18.284
 133 150.815643  66.130945    31.644    31.368  5 55972.01963584 18.262
 134 150.813728  66.132877    31.872    31.894  6 55981.93527175 18.046
 136 150.816546  66.132343    31.705    31.230  5 56001.76655362 17.687
 137 150.813108  66.130590    31.530    31.330  5 56011.68220332 17.537
 138 150.813884  66.130117    31.424    31.270  5 56021.59784970 17.050
 139 150.815177  66.131406    32.127    32.164  5 56031.51349323 15.776
 140 150.814885  66.133641    32.297    32.149  5 56041.42913455 13.951
 141 150.808892  66.135075    31.889    31.811  5 56051.34477303 13.848
 142 150.808238  66.135142    25.168    25.128  5 56061.26040925 49.281
 143 150.812176  66.134093    33.052    33.063  6 56071.17604780 29.949
 144 150.814129  66.133606    32.939    32.931  5 56081.09169862 28.221
 145 150.814312  66.134178    27.024    25.975  5 56091.00734664 32.304
 146 150.809253  66.135268    25.540    25.523  5 56100.92299178 46.503
 147 150.809850  66.134966    28.451    29.838  5 56110.83862325 29.411
 148 150.812163  66.133031    25.170    25.177  5 56120.75426318 53.917
 149 150.812356  66.130641    25.696    24.855  5 56130.66989922 33.194
 150 150.818966  66.129606    27.607    24.932  5 56140.58553371 32.316
 151 150.815490  66.130977    24.952    24.968  5 56150.50118436 52.934
 152 150.813990  66.133146    29.499    29.435  5 56160.41683330 32.579
 153 150.814502  66.133994    27.692    27.663  5 56170.33248085 56.011
 154 150.812724  66.132756    29.432    29.966  5 56180.24812434 29.158
 155 150.813415  66.130881    25.050    25.085  5 56190.16376405 51.831
 156 150.816393  66.130210    29.467    29.710  5 56200.07940101 29.271
 157 150.814111  66.131915    23.283    23.268  6 56209.99503502 50.197
 158 150.813122  66.134453    22.792    22.740  5 56219.91066730 45.290
 159 150.808120  66.136094    23.924    22.607  5 56229.82631603 40.216
 160 150.808376  66.135635    22.546    22.420  5 56239.74196943 39.903
 161 150.810053  66.134449    22.476    22.493  5 56249.65761905 31.076
 162 150.812421  66.133521    29.115    29.960  6 56259.57326389 27.269
 163 150.814351  66.133969    31.733    32.087  5 56269.48890598 24.560
 164 150.812689  66.134652    31.367    31.231  5 56279.40454600 23.167
 165 150.808610  66.134747    31.698    31.958  5 56289.32019625 19.736
 166 150.814093  66.132945    32.067    32.056  5 56299.23584518 19.156
 167 150.818314  66.130660    32.006    32.164  5 56309.15149002 18.953
 168 150.817995  66.129614    31.965    31.926  5 56319.06713203 18.351
 169 150.816597  66.130912    32.118    31.857  5 56328.98277292 18.391
 170 150.812554  66.133047    31.982    32.029  5 56338.89841268 18.103
 171 150.811756  66.134152    32.168    32.242  6 56348.81405072 17.745
 172 150.813971  66.133113    32.048    32.216  5 56358.72968607 17.383
 173 150.817401  66.131179    32.247    32.392  5 56368.64533711 15.952
 175 150.814511  66.132280    32.399    32.462  6 56388.47663010 15.687
 176 150.811464  66.134795    32.090    32.090  5 56398.39227319 14.818
 177 150.807742  66.136306    30.033    31.177  5 56408.30791379 14.918
 178 150.808307  66.135946    23.199    23.178  5 56418.22355060 41.335
 179 150.812794  66.134556    33.040    33.026  5 56428.13918332 29.297
 180 150.812109  66.133642    33.222    33.301  5 56438.05483721 27.196
 181 150.812047  66.133745    30.246    31.673  5 56447.97048853 31.568
 182 150.810969  66.134384    27.602    27.592  5 56457.88613756 52.663
 183 150.812628  66.134021    32.787    32.718  5 56467.80178357 25.543
 184 150.812024  66.132774    26.120    26.403  5 56477.71742532 35.067
 185 150.817006  66.131036    25.312    25.356  5 56487.63306381 40.247
 186 150.816956  66.130559    28.069    26.988  5 56497.54869923 33.163
 187 150.812248  66.131498    26.371    26.314  5 56507.46433297 52.905
 188 150.815725  66.133082    29.027    29.027  5 56517.37997020 51.883
 189 150.812243  66.133778    31.697    32.521  5 56527.29562420 27.706
 190 150.811058  66.133284    30.256    30.255  5 56537.21127416 41.567
 192 150.814604  66.131875    25.341    25.183  5 56557.04256425 35.572
 193 150.815048  66.133051    24.953    24.981  5 56566.95820687 53.900
 194 150.813287  66.135041    23.529    23.536  5 56576.87384795 46.328
 195 150.808063  66.136270    23.650    23.622  6 56586.78948528 42.167
 196 150.808096  66.135993    24.559    23.490  5 56596.70512500 38.266
 197 150.809211  66.134780    28.015    26.115  5 56606.62077707 30.076
 198 150.811255  66.133914    31.560    31.354  5 56616.53642433 24.883
 199 150.812438  66.133766    31.801    32.004  5 56626.45206801 22.841
 200 150.812951  66.133847    32.040    32.078  5 56636.36770888 22.034
 201 150.810909  66.133503    31.823    31.779  5 56646.28334898 22.194
 202 150.815994  66.132393    31.458    31.479  5 56656.19900174 21.645
 203 150.817444  66.131192    31.472    31.471  5 56666.11464984 21.050
 204 150.812296  66.131142    31.369    31.354  5 56676.03029470 20.945
 205 150.814663  66.131971    31.459    31.549  6 56685.94593916 18.808
 206 150.811311  66.133083    31.332    31.238  5 56695.86158111 19.438
 207 150.815090  66.133391    31.537    31.540  5 56705.77721917 19.556
 208 150.813093  66.132948    31.470    31.520  5 56715.69285122 18.872
 210 150.813647  66.132856    31.705    31.796  6 56735.52415441 18.055
 211 150.814208  66.134348    32.068    32.097  5 56745.43980066 18.048
 212 150.811157  66.135619    32.074    31.992  5 56755.35544231 18.339
 213 150.811921  66.135852    32.315    32.205  5 56765.27107869 16.836
 214 150.810449  66.135148    32.353    32.287  5 56775.18671700 15.352
 215 150.810458  66.134500    30.958    31.703  5 56785.10237380  6.241
 216 150.809565  66.134340    26.952    26.831  5 56795.01802688 22.336
 217 150.809255  66.134337    33.766    33.774  5 56804.93367616 35.572
 218 150.809984  66.133795    34.101    34.175  5 56814.84931856 55.376
 219 150.814471  66.132608    31.270    30.683  6 56824.76495784 32.747
 221 150.814494  66.131558    28.689    28.672  6 56844.59622449 41.289
 222 150.813797  66.132299    27.030    27.073  5 56854.51186912 35.181
 223 150.813674  66.133085    26.838    26.847  5 56864.42752280 33.559
 224 150.811351  66.133300    29.450    28.673  5 56874.34317559 28.784
 225 150.814522  66.132962    26.940    26.853  5 56884.25882572 51.667
 226 150.813250  66.132620    31.406    32.271  5 56894.17447228 25.620
 227 150.813333  66.132895    28.622    27.180  6 56904.09011577 28.011
 228 150.812071  66.134097    29.206    28.980  5 56914.00575709 26.619
 229 150.812473  66.135404    24.053    24.080  5 56923.92139683 51.466
 230 150.807570  66.136158    24.590    24.223  5 56933.83703350 33.958
 231 150.807585  66.135748    23.168    23.192  5 56943.75266534 46.033
 232 150.809758  66.134596    22.975    22.844  5 56953.66831262 43.059
 233 150.813331  66.133818    23.146    23.216  5 56963.58396318 33.798
 234 150.811194  66.134133    32.014    32.033  5 56973.49960843 19.500
 235 150.811781  66.134651    31.546    31.559  5 56983.41524960 17.137
 236 150.814269  66.134186    31.669    31.612  5 56993.33088618 17.468
 237 150.815232  66.132543    31.827    31.776  5 57003.24652289 17.659
 238 150.816481  66.130936    32.007    32.104  5 57013.16217960 17.885
 239 150.814313  66.130788    31.789    32.010  5 57023.07783061 17.570
 240 150.813469  66.132400    31.770    31.674  6 57032.99347912 17.408
 241 150.810841  66.133932    31.903    32.002  5 57042.90912522 17.783
 242 150.814375  66.134111    31.792    31.669  5 57052.82476958 17.904
 243 150.813100  66.132992    31.768    31.697  6 57062.74040909 17.477
 244 150.816444  66.132155    31.674    31.709  5 57072.65604378 17.924
 245 150.812140  66.132930    32.054    32.035  5 57082.57167383 17.119
 246 150.809247  66.134950    31.724    31.783  5 57092.48732037 17.074
 247 150.809233  66.136703    32.206    32.234  5 57102.40297751 16.894
 248 150.807189  66.136836    31.824    31.783  6 57112.31863090 16.085
 249 150.812780  66.135234    32.197    32.072  5 57122.23427906 15.412
 250 150.814698  66.133511    31.520    31.466  5 57132.14992136 16.188
 251 150.812333  66.133202    31.277    31.185  5 57142.06555837 13.724
 252 150.810486  66.134246    30.915    30.877  5 57151.98119234  8.277
 253 150.810987  66.135061    28.675    28.334  5 57161.89682303 20.930
 254 150.811264  66.134403    32.699    32.745  5 57171.81248053 52.525
 255 150.814870  66.132417    29.020    28.983  5 57181.72813543 54.794
 256 150.815973  66.130688    32.935    32.968  5 57191.64378621 25.632
 257 150.817663  66.130794    28.279    28.185  5 57201.55943409 31.637
 258 150.812795  66.132572    24.951    24.916  5 57211.47506773 42.401
 259 150.813048  66.134323    24.279    24.236  5 57221.39071156 48.761
 260 150.810372  66.134576    24.362    24.232  5 57231.30635380 40.871
 261 150.811654  66.133692    24.706    24.727  5 57241.22199395 45.946
 262 150.815685  66.132622    25.528    25.340  5 57251.13763170 38.984
 263 150.813426  66.133225    31.333    32.293  6 57261.05326690 24.635
 264 150.811371  66.135150    23.792    23.789  5 57270.96890086 53.093
 265 150.804323  66.137086    24.803    24.821  5 57280.88455541 52.556
 266 150.805524  66.137182    28.639    30.476  5 57290.80021079 29.947
 267 150.810710  66.135445    31.835    32.309  5 57300.71586350 32.573
 268 150.814626  66.133164    22.994    22.951  5 57310.63151240 48.370
 269 150.813353  66.132311    26.030    25.658  5 57320.54715743 39.789
 270 150.813310  66.133193    26.607    27.887  5 57330.46279991 34.606
 271 150.810629  66.134728    24.494    22.738  5 57340.37844001 29.332
 272 150.811540  66.134568    31.742    31.657  5 57350.29409031 22.192
 273 150.814276  66.132632    32.117    32.052  5 57360.20973577 21.258
 274 150.815939  66.130441    31.773    31.926  5 57370.12537796 22.135
 275 150.815168  66.130321    31.985    31.775  5 57380.04101760 20.796
 276 150.813657  66.132356    32.169    32.204  5 57389.95665604 20.818
 277 150.811160  66.134570    32.268    32.182  6 57399.87229343 19.369
 278 150.807972  66.135147    32.437    32.382  5 57409.78793186 18.904
 279 150.810969  66.133878    32.432    32.287  5 57419.70358470 19.096
 280 150.815471  66.132824    32.254    32.291  5 57429.61923509 19.365
 281 150.813430  66.133433    32.573    32.660  5 57439.53488266 17.722
 282 150.810555  66.135367    32.083    31.983  5 57449.45052903 17.356
 283 150.806965  66.136859    32.124    31.961  6 57459.36617399 18.270
 284 150.805483  66.136745    32.206    32.577  5 57469.28181604 18.022
 285 150.809424  66.134956    32.145    31.980  5 57479.19745456 17.671
 286 150.812363  66.133096    32.145    32.199  5 57489.11308991 17.017
 287 150.813461  66.132428    32.057    32.069  6 57499.02872310 16.893
 288 150.811117  66.133304    33.093    33.254  5 57508.94436554  6.897
 289 150.814673  66.134026    29.983    31.682  5 57518.86002184 17.838
 290 150.811939  66.134093    29.606    29.572  6 57528.77567473 46.837
 291 150.813234  66.132661    27.653    27.684  6 57538.69132499 53.586
 292 150.812613  66.131172    25.863    25.488  5 57548.60697241 36.682
 293 150.818247  66.130765    24.488    24.469  5 57558.52261901 50.424
 294 150.814403  66.132260    24.096    24.030  6 57568.43826389 44.104
 295 150.812924  66.134044    25.355    25.349  5 57578.35390841 47.551
 296 150.812392  66.134922    24.487    24.485  5 57588.26955157 38.938
 297 150.813187  66.134481    26.174    26.115  5 57598.18519231 37.249
