# NaN NaN NaN ;Mean Elev.(m), Avg Gradient(m/km), RMS Gradient(m/km) - SRTM1     
#   -3.691  -1.131   5.371 ;Mean Elev.(m), Avg Gradient(m/km), RMS Gradient(m/km) - ASTER GDEM
#   45.529  -0.086   4.188 ;Mean Elev.(m), Avg Gradient(m/km), RMS Gradient(m/km) - GMTED2010 
   1 150.739004  66.070091    31.894    31.894  2 54660.18814923 26.315
   2 150.742932  66.069567    31.690    31.690  2 54670.10379537 25.742
   4 150.744975  66.071440    31.535    31.535  2 54689.93508242 31.308
   6 150.744492  66.070954    27.395    27.395  2 54709.76636802 40.263
   8 150.741563  66.067492    25.763    25.763  2 54729.59766796 44.577
   9 150.741504  66.067016    26.585    26.606  3 54739.51331513 55.675
  10 150.742102  66.067499    24.741    24.741  2 54749.42896233 47.764
  11 150.739663  66.068257    78.841    78.841  2 54759.34460902  9.481
  13 150.742115  66.067347    31.176    31.176  2 54779.17589510 29.777
  14 150.743760  66.066273    30.976    31.018  3 54789.09153402 26.489
  15 150.742308  66.066282    30.901    30.901  2 54799.00717161 29.557
  16 150.742287  66.067427    31.159    31.159  2 54808.92280939 26.030
  17 150.739450  66.069064    27.369    27.369  2 54818.83844646 28.410
  18 150.740656  66.069749    31.058    31.058  2 54828.75409859 22.028
  19 150.739196  66.069863    31.771    31.771  2 54838.66973733 21.565
  20 150.740325  66.070037    30.411    30.411  2 54848.58538661 22.097
  23 150.741137  66.070918    30.465    30.465  2 54878.33233204 20.385
  24 150.740675  66.069492    30.405    30.405  2 54888.24797688 20.218
  25 150.740622  66.067658    31.204    31.204  2 54898.16361846 19.240
  26 150.742952  66.066820    31.088    31.088  2 54908.07925772 18.831
  27 150.742126  66.067347    31.004    30.927  3 54917.99489543 17.625
  28 150.741336  66.068131    31.454    31.454  2 54927.91053299 18.198
  29 150.739727  66.068153    30.980    30.969  3 54937.82616982 18.411
  30 150.742237  66.067402    31.177    31.177  2 54947.74180529 16.525
  31 150.743435  66.066575    23.966    23.924  3 54957.65744054 31.306
  32 150.743333  66.066473    25.572    25.513  3 54967.57308906 46.578
  33 150.743763  66.067223    28.880    28.878  3 54977.48873658 39.156
  35 150.742057  66.068831    28.059    28.059  2 54997.32003158 33.221
  36 150.739630  66.069212    25.718    25.718  2 55007.23567729 51.475
  37 150.740391  66.069560    24.887    24.887  2 55017.15132120 39.180
  38 150.743922  66.070186    24.994    24.994  2 55027.06696395 43.492
  39 150.745186  66.071204    31.576    31.576  2 55036.98260602 29.903
  41 150.740397  66.070700    24.305    24.305  2 55056.81388574 46.045
  42 150.741224  66.068606    23.925    23.925  2 55066.72952261 46.254
  43 150.740068  66.066989    26.853    26.817  3 55076.64517271 54.574
  44 150.742344  66.066738    28.612    28.612  2 55086.56082070 44.991
  45 150.741091  66.067749    24.866    24.839  3 55096.47646671 46.552
  46 150.740663  66.068520    79.664    79.664  2 55106.39211246 26.210
  47 150.742137  66.068045    96.129    96.680  3 55116.30775799  4.880
  48 150.741872  66.066716    29.850    29.850  2 55126.22340104 28.457
  49 150.745775  66.065642    31.205    31.279  3 55136.13904202 22.073
  50 150.739956  66.066085    30.685    30.681  3 55146.05468004 20.035
  51 150.740696  66.067592    31.520    31.520  2 55155.97031794 16.403
  52 150.741085  66.068921    31.125    31.220  3 55165.88595595 16.679
  53 150.742405  66.069610    31.398    31.398  2 55175.80159380 16.585
  54 150.741244  66.069336    31.494    31.494  2 55185.71723517 16.941
  55 150.742872  66.069218    31.536    31.536  2 55195.63288641 17.381
  56 150.741765  66.070042    31.508    31.473  3 55205.54853610 18.301
  57 150.745496  66.071226    31.684    31.684  2 55215.46418558 17.828
  59 150.739347  66.070114    32.103    32.103  2 55235.29548018 16.884
  60 150.742018  66.067373    31.050    31.050  2 55245.21112368 16.702
  61 150.745538  66.065364    31.169    31.245  3 55255.12676442 16.463
  62 150.743113  66.065878    31.547    31.375  3 55265.04240302 16.573
  63 150.742854  66.067914    31.701    31.550  3 55274.95804093 16.500
  64 150.740458  66.069229    31.820    31.820  2 55284.87367795 16.622
  65 150.741451  66.068371    31.087    31.087  2 55294.78931358 15.767
  66 150.740163  66.066353    31.367    31.538  3 55304.70495191 15.297
  67 150.743726  66.064928    31.652    31.600  3 55314.62059956 15.227
  68 150.742613  66.065871    23.483    23.483  2 55324.53624492 34.904
  69 150.740431  66.068079    29.821    29.821  2 55334.45188887 52.376
  70 150.742381  66.069629    31.325    31.325  2 55344.36753294 53.039
  71 150.740634  66.069752    29.878    29.878  2 55354.28317602 29.482
  72 150.739370  66.069289    27.728    27.728  2 55364.19881708 34.062
  73 150.740486  66.069144    30.246    30.246  2 55374.11445666 28.580
  74 150.740018  66.070108    31.746    31.746  2 55384.03009488 25.228
  77 150.742721  66.069926    23.911    23.911  2 55413.77702185 46.761
  78 150.739845  66.067414    25.614    25.616  3 55423.69267043 50.925
  79 150.745159  66.065291    26.198    26.157  3 55433.60831714 55.105
  80 150.743028  66.065750    27.539    27.530  3 55443.52396145 44.369
  81 150.742232  66.067531    31.779    31.779  2 55453.43960449 26.237
  82 150.739143  66.069265    29.290    29.290  2 55463.35524652 38.984
  83 150.742028  66.068652    26.186    26.182  3 55473.27088695 45.079
  84 150.740211  66.066772    89.094    93.127  3 55483.18652413  7.361
  85 150.744724  66.064964    31.124    31.046  3 55493.10215976 29.879
  86 150.742970  66.065777    31.327    31.263  3 55503.01779335 27.487
  87 150.742810  66.068117    31.126    31.126  2 55512.93344009 27.185
  88 150.741750  66.070232    31.796    31.796  2 55522.84908954 25.372
  90 150.741983  66.069729    31.441    31.461  3 55542.68038404 22.505
  91 150.741036  66.069053    31.520    31.508  3 55552.59602833 21.560
  92 150.742182  66.069558    31.651    31.672  3 55562.51167149 20.473
  94 150.743127  66.070833    31.510    31.510  2 55582.34295509 19.844
  95 150.741420  66.069292    31.847    31.723  3 55592.25859280 19.566
  96 150.740105  66.066964    31.477    31.376  3 55602.17422728 20.478
  97 150.746006  66.065388    31.126    31.201  3 55612.08986028 20.351
  98 150.742734  66.066170    31.311    31.311  2 55622.00549405 19.220
  99 150.740994  66.068001    31.404    31.404  2 55631.92114677 19.350
 100 150.739202  66.069078    31.550    31.550  2 55641.83679732 18.366
 101 150.739372  66.068449    31.481    31.481  2 55651.75244528 19.785
 102 150.741323  66.066415    31.749    31.814  3 55661.66808948 20.749
 103 150.740488  66.065404    23.533    23.620  3 55671.58373022 16.274
 104 150.742947  66.066108    31.771    31.655  3 55681.49936965 11.580
 105 150.741708  66.068406    25.067    25.067  2 55691.41500701 34.391
 106 150.743973  66.070239    25.464    25.464  2 55701.33064307 37.967
 107 150.741023  66.070862    29.130    29.130  2 55711.24628396 49.559
 108 150.739081  66.070243    32.622    32.622  2 55721.16193359 42.799
 109 150.743854  66.069602    32.031    32.031  2 55731.07758175 38.513
 110 150.741732  66.069726    28.439    28.439  2 55740.99322800 45.646
 111 150.742962  66.070006    28.841    28.841  2 55750.90887331 37.187
 112 150.741469  66.069816    30.119    31.393  3 55760.82451603 33.312
 113 150.742530  66.068746    26.047    26.047  2 55770.74015613 54.447
 114 150.740948  66.067053    25.359    25.359  2 55780.65579258 34.271
 115 150.741903  66.066065    27.654    27.666  3 55790.57142664 37.913
 116 150.741741  66.066511    28.193    28.193  2 55800.48705939 41.829
 117 150.742235  66.067747    28.778    28.818  3 55810.40270796 54.461
 118 150.741704  66.068731    28.599    28.599  2 55820.31835671 35.626
 119 150.741006  66.068472    28.878    28.806  3 55830.23400083 29.252
 120 150.742728  66.067061    91.403    98.725  3 55840.14964066  5.818
 121 150.745219  66.066063    23.932    23.761  3 55850.06527750 44.088
 122 150.741590  66.067078    30.187    30.187  2 55859.98091177 28.160
 123 150.740241  66.069000    31.588    31.526  3 55869.89656215 23.804
 124 150.741764  66.070508    32.012    32.012  2 55879.81221326 21.660
 125 150.741154  66.070904    31.664    31.664  2 55889.72785751 21.102
 126 150.740192  66.070496    31.563    31.563  2 55899.64349589 20.575
 127 150.742630  66.070125    31.647    31.647  2 55909.55912974 18.890
 128 150.741516  66.070227    31.706    31.706  2 55919.47478082 18.716
 129 150.743179  66.069999    31.080    31.080  2 55929.39043362 18.851
 130 150.740654  66.069156    31.247    31.255  3 55939.30608238 17.911
 131 150.742354  66.067467    31.207    31.270  3 55949.22172674 17.381
 132 150.741671  66.066428    31.665    31.602  3 55959.13736651 17.371
 133 150.740173  66.066559    31.090    31.028  3 55969.05300380 16.848
 134 150.742200  66.067466    31.199    31.199  2 55978.96864049 16.773
 135 150.741265  66.068189    30.909    30.909  2 55988.88427620 16.526
 136 150.740235  66.068157    31.101    30.968  3 55998.79991782 16.324
 137 150.741676  66.067362    31.062    30.985  3 56008.71556899 16.201
 138 150.740898  66.066795    31.166    31.183  3 56018.63121575 16.259
 139 150.742307  66.067036    31.148    31.148  2 56028.54685976 16.055
 140 150.741043  66.068182    30.384    30.384  2 56038.46250177 12.826
 141 150.741844  66.069394    31.240    31.153  3 56048.37814201 12.111
 142 150.740895  66.070369    24.301    24.301  2 56058.29377937 42.423
 143 150.741893  66.070528    32.222    32.222  2 56068.20941252 35.232
 144 150.742165  66.070297    30.860    30.860  2 56078.12506353 32.177
 145 150.739573  66.070352    27.001    27.001  2 56088.04071193 44.198
 146 150.744668  66.070345    25.713    25.713  2 56097.95635855 45.297
 147 150.742580  66.069884    31.738    31.738  2 56107.87200228 25.516
 148 150.740851  66.068562    25.904    25.924  3 56117.78763167 40.149
 149 150.743102  66.067047    24.590    24.571  3 56127.70326932 52.572
 150 150.742366  66.066382    24.913    24.901  3 56137.61890301 45.272
 151 150.742698  66.067025    24.085    24.085  2 56147.53454893 47.549
 152 150.742329  66.068192    27.800    27.761  3 56157.45019809 52.654
 153 150.741537  66.068754    28.617    28.589  3 56167.36584626 39.546
 154 150.741611  66.068057    29.627    29.627  3 56177.28149192 48.774
 155 150.744011  66.066965    31.616    31.417  3 56187.19713308 24.980
 156 150.742688  66.066624    25.007    24.971  3 56197.11277026 37.929
 157 150.742422  66.067740    68.210    68.210  2 56207.02840454 20.901
 158 150.740730  66.069698    23.632    23.736  3 56216.94403714 46.758
 160 150.742162  66.070831    31.671    31.671  2 56236.77533425 24.667
 161 150.739672  66.070119    31.830    31.830  2 56246.69098501 22.751
 162 150.740838  66.069674    31.428    31.485  3 56256.60663101 23.126
 163 150.743653  66.070188    31.255    31.255  2 56266.52227351 25.045
 164 150.744642  66.070744    31.541    31.541  2 56276.43791416 20.945
 165 150.744107  66.070202    31.581    31.581  2 56286.35356103 17.915
 166 150.741780  66.068229    31.206    31.206  2 56296.26921078 18.234
 167 150.744709  66.065971    31.355    31.391  3 56306.18485698 18.106
 168 150.742439  66.065534    31.591    31.562  3 56316.10049949 18.056
 169 150.742582  66.067107    31.471    31.517  3 56326.01614044 17.814
 170 150.740059  66.069048    31.413    31.484  3 56335.93178023 17.461
 171 150.741006  66.069433    31.572    31.599  3 56345.84741910 17.521
 172 150.741388  66.068212    31.757    31.757  2 56355.76305555 17.230
 173 150.742476  66.066618    31.563    31.563  2 56365.67870214 16.210
 174 150.743537  66.066438    31.517    31.515  3 56375.59435099 15.532
 176 150.740028  66.070451    31.886    31.886  2 56395.42564007 15.466
 177 150.742363  66.071415    30.085    30.085  2 56405.34128190 11.037
 178 150.743994  66.071090    31.701    31.701  2 56415.25692046 29.968
 179 150.741019  66.070023    32.571    32.571  2 56425.17255380 36.393
 180 150.740169  66.069430    30.885    30.885  2 56435.08820150 30.164
 181 150.743154  66.069620    29.134    29.134  2 56445.00385376 49.960
 182 150.744649  66.070513    30.570    30.570  2 56454.91950342 34.147
 183 150.741065  66.070307    31.818    31.818  2 56464.83514970 26.093
 184 150.742641  66.068424    27.200    27.200  2 56474.75079286 45.725
 185 150.739961  66.066254    26.714    26.716  3 56484.66643221 36.466
 186 150.744289  66.065478    26.666    26.744  3 56494.58206906 31.155
 187 150.742803  66.067126    28.094    26.946  3 56504.49770336 32.204
 188 150.741074  66.069552    28.847    28.847  2 56514.41333603 43.197
 189 150.741006  66.070233    31.628    31.628  2 56524.32898775 25.815
 190 150.741550  66.068869    32.339    32.332  3 56534.24463919 49.502
 192 150.742143  66.066678    31.484    31.482  3 56554.07593147 23.623
 193 150.741151  66.068580    31.757    31.852  3 56563.99157412 31.204
 194 150.744660  66.070993    24.463    24.463  2 56573.90721588 43.797
 195 150.744466  66.072321    28.017    28.017  2 56583.82285479 33.913
 197 150.741051  66.070007    31.577    31.577  2 56603.65414202 25.661
 198 150.742491  66.068900    31.538    31.538  2 56613.56979089 23.936
 199 150.740647  66.069472    31.703    31.703  2 56623.48543536 23.304
 200 150.739006  66.070292    31.776    31.776  2 56633.40107698 22.076
 201 150.739358  66.070334    31.618    31.618  2 56643.31671414 21.898
 202 150.741479  66.068527    31.717    31.717  2 56653.23236566 21.890
 203 150.741082  66.066508    31.396    31.388  3 56663.14801484 20.434
 204 150.745768  66.065535    31.445    31.566  3 56673.06366169 20.961
 205 150.742157  66.067116    31.389    31.276  3 56682.97930634 20.520
 206 150.742682  66.068993    31.625    31.625  2 56692.89494927 19.109
 207 150.742689  66.070006    31.615    31.615  2 56702.81058800 19.147
 208 150.742621  66.069072    31.621    31.621  2 56712.72622163 19.431
 210 150.740659  66.067330    31.884    32.046  3 56732.55751981 19.269
 211 150.740255  66.069076    31.538    31.449  3 56742.47316726 17.942
 212 150.743627  66.071223    31.507    31.507  2 56752.38881070 18.424
 213 150.743951  66.072349    31.890    31.890  2 56762.30444865 15.960
 214 150.745521  66.071659    31.850    31.850  2 56772.22007985  9.436
 215 150.741921  66.070049    27.783    27.783  2 56782.13573704 10.193
 216 150.740441  66.068960    25.678    24.733  3 56792.05139124 14.885
 217 150.740685  66.069000    25.092    25.092  2 56801.96704269 41.604
 218 150.739550  66.069697    34.077    34.077  2 56811.88268655 35.989
 219 150.741288  66.069620    32.678    32.678  2 56821.79832658 32.015
 221 150.744020  66.066952    28.980    28.246  3 56841.62959489 34.063
 222 150.744472  66.066572    28.838    28.881  3 56851.54523272 34.396
 223 150.742873  66.067549    27.752    27.752  2 56861.46088688 45.672
 224 150.739896  66.069150    30.538    30.535  3 56871.37654027 52.153
 225 150.742000  66.069673    28.835    28.887  3 56881.29219122 36.843
 226 150.742098  66.069136    30.263    30.263  2 56891.20783832 28.579
 227 150.741185  66.068157    25.346    25.312  3 56901.12348240 48.168
 228 150.741533  66.068440    28.748    28.713  3 56911.03912458 31.344
 229 150.740882  66.069795    24.835    24.835  2 56920.95476508 37.438
 230 150.745538  66.071354    25.298    25.298  2 56930.87040389 41.761
 231 150.743988  66.072006    31.489    31.489  2 56940.78603714 36.397
 232 150.744029  66.071367    23.828    23.828  2 56950.70167675 42.869
 233 150.740287  66.070099    30.170    30.170  2 56960.61732814 24.133
 234 150.741982  66.069248    27.705    27.705  2 56970.53297499 24.572
 235 150.741032  66.069236    27.943    29.184  3 56980.44861762 22.600
 236 150.740251  66.069462    31.715    31.592  3 56990.36425583 19.178
 237 150.742175  66.069116    31.364    31.364  2 57000.27988798 17.635
 238 150.741880  66.068184    31.058    31.318  3 57010.19554290 20.236
 239 150.742499  66.067152    31.322    31.322  2 57020.11119510 17.871
 240 150.742837  66.067131    31.446    31.401  3 57030.02684429 17.508
 241 150.741073  66.067952    31.356    31.295  3 57039.94249155 17.741
 242 150.740147  66.069003    31.493    31.453  3 57049.85813668 17.326
 243 150.741813  66.069314    31.501    31.501  2 57059.77377803 17.600
 244 150.739941  66.069204    31.572    31.397  3 57069.68941339 17.582
 245 150.740127  66.069147    31.276    31.276  2 57079.60504460 17.236
 246 150.742285  66.069796    31.888    31.888  2 57089.52068283 16.635
 247 150.741663  66.070945    31.543    31.543  2 57099.43634081 16.748
 250 150.744186  66.070254    31.815    31.815  2 57129.18328949 14.776
 251 150.741652  66.069599    31.547    31.487  3 57139.09892753 14.494
 252 150.739914  66.069773    24.396    24.396  2 57149.01456194 19.246
 253 150.741870  66.070035    31.437    31.512  3 57158.93019396 20.131
 254 150.740481  66.069573    27.172    25.952  3 57168.84584354 38.021
 255 150.741733  66.068360    29.935    29.888  3 57178.76149963 53.105
 256 150.740841  66.067276    29.417    29.417  2 57188.67715145 33.147
 257 150.740095  66.067271    29.347    29.351  3 57198.59279931 40.798
 258 150.741184  66.068100    25.709    25.699  3 57208.50843365 49.896
 259 150.740252  66.069092    31.778    31.778  2 57218.42407794 24.053
 260 150.742619  66.069234    31.479    31.479  2 57228.33972154 26.620
 261 150.742255  66.069014    25.832    25.832  2 57238.25536275 37.604
 262 150.740163  66.068944    31.433    31.445  3 57248.17100054 27.462
 263 150.741265  66.069552    26.362    26.407  3 57258.08663612 41.596
 264 150.740148  66.071009    31.679    31.679  2 57268.00227026 26.734
 265 150.745089  66.071976    25.649    25.649  2 57277.91791904 50.755
 266 150.744475  66.071945    31.654    31.654  2 57287.83357526 26.566
 267 150.740941  66.070898   105.487   105.487  2 57297.74922837  2.197
 268 150.742278  66.069411    24.155    24.155  2 57307.66487830 47.320
 269 150.739776  66.068987    30.557    30.302  3 57317.58052415 31.629
 270 150.741861  66.069275    31.018    31.162  3 57327.49616719 26.616
 271 150.741864  66.069957    29.348    29.348  2 57337.41180787 26.045
 272 150.741455  66.069412    31.255    31.489  3 57347.32745569 21.553
 273 150.742564  66.067848    31.419    31.304  3 57357.24310253 20.797
 274 150.739943  66.066563    31.353    31.375  3 57367.15874558 20.705
 275 150.742041  66.066626    31.289    31.288  3 57377.07438593 20.992
 276 150.741502  66.068285    31.602    31.415  3 57386.99002419 20.522
 277 150.741441  66.069805    31.353    31.376  3 57396.90566181 18.347
 278 150.744375  66.070095    31.413    31.413  2 57406.82129851 19.103
 279 150.739573  66.069232    31.723    31.723  2 57416.73694923 19.195
 280 150.740539  66.068505    31.307    31.307  2 57426.65260038 18.511
 281 150.742203  66.069170    31.412    31.385  3 57436.56824867 16.945
 283 150.744950  66.072447    31.721    31.721  2 57456.39954105 18.035
 284 150.744720  66.072185    31.595    31.595  2 57466.31518439 16.985
 285 150.742446  66.070349    31.785    31.785  2 57476.23082369 17.120
 286 150.741070  66.068535    31.264    31.194  3 57486.14645975 16.576
 287 150.741243  66.068297    31.086    31.187  3 57496.06209349 17.717
 288 150.742537  66.069699    31.680    31.680  2 57505.97772855 16.238
 289 150.744384  66.070487    27.457    27.457  2 57515.89338508 20.184
 290 150.741193  66.069879    30.096    30.106  3 57525.80903859 44.564
 291 150.742174  66.067718    28.959    28.959  2 57535.72469009 52.351
 292 150.740147  66.066155    29.344    28.402  3 57545.64033848 28.040
 293 150.740296  66.066471    25.212    25.243  3 57555.55598507 54.303
 294 150.740303  66.068487    24.920    24.875  3 57565.47163019 53.130
 295 150.739076  66.070221    26.544    26.544  2 57575.38727448 37.287
 296 150.744258  66.070245    24.997    24.997  2 57585.30291866 36.965
 297 150.742624  66.069374    27.766    27.766  2 57595.21856013 43.460
