# NaN NaN NaN ;Mean Elev.(m), Avg Gradient(m/km), RMS Gradient(m/km) - SRTM1     
#   14.408  -0.367  11.030 ;Mean Elev.(m), Avg Gradient(m/km), RMS Gradient(m/km) - ASTER GDEM
#   36.206  -0.889   3.029 ;Mean Elev.(m), Avg Gradient(m/km), RMS Gradient(m/km) - GMTED2010 
   1 150.775590  65.840143    30.530    30.546  4 54665.10564001 44.902
   2 150.780376  65.841674    29.845    29.894  4 54675.02128520 42.242
   4 150.780251  65.844144    30.334    30.313  4 54694.85257034 47.333
   6 150.777996  65.840603    29.747    29.697  3 54714.68386062 39.429
   8 150.775936  65.838079    32.015    31.096  4 54734.51515892 40.915
   9 150.776591  65.839826    30.732    30.737  4 54744.43080608 48.157
  10 150.775604  65.841281    29.470    29.533  4 54754.34645270 42.309
  12 150.779393  65.838957    32.790    32.690  4 54774.17774178 27.284
  13 150.777716  65.836982    34.435    34.388  3 54784.09338198 21.984
  14 150.780194  65.837309    34.776    34.867  3 54794.00902067 20.679
  15 150.776179  65.839041    34.620    34.736  4 54803.92465789 20.537
  16 150.779981  65.840952    34.532    34.644  4 54813.84029544 20.575
  17 150.779947  65.841289    34.505    34.565  4 54823.75593973 18.705
  18 150.778340  65.840430    34.877    34.908  3 54833.67157958 19.104
  19 150.777947  65.840448    34.265    34.523  3 54843.58722952 18.750
  20 150.778405  65.841773    33.741    33.757  4 54853.50287859 18.651
  21 150.781366  65.843889    33.875    33.802  4 54863.41852767 18.461
  22 150.779719  65.844542    33.814    33.836  4 54873.33417612 18.230
  23 150.778452  65.843245    33.932    34.042  4 54883.24982226 17.438
  24 150.777017  65.840419    34.326    34.526  4 54893.16546495 16.767
  25 150.777760  65.838245    34.642    34.521  3 54903.08110513 16.808
  26 150.778125  65.838223    34.871    34.865  4 54912.99674402 15.547
  27 150.778918  65.839823    34.661    34.616  4 54922.91238217 15.699
  28 150.775963  65.840883    34.725    34.734  4 54932.82801918 15.927
  29 150.778293  65.840393    34.853    34.758  3 54942.74365480 14.253
  30 150.779084  65.838281    33.416    33.012  4 54952.65928835 16.742
  31 150.779557  65.836545    30.730    30.505  3 54962.57493155 41.270
  32 150.778218  65.836943    95.710    95.777  3 54972.49058003 20.260
  33 150.776706  65.838848    32.659    32.667  4 54982.40622758 45.807
  35 150.780024  65.841763    31.203    31.199  4 55002.23752192 49.457
  36 150.780601  65.841533    30.237    30.245  4 55012.15316671 48.932
  37 150.778070  65.840850    31.970    30.238  3 55022.06880977 29.193
  38 150.777324  65.841495    30.351    30.343  4 55031.98445212 48.412
  39 150.775516  65.842605    29.495    29.500  4 55041.90009368 39.634
  40 150.775447  65.843108    29.719    29.759  4 55051.81573386 43.312
  41 150.778462  65.841996    29.668    29.660  3 55061.73137208 45.822
  42 150.777668  65.839565    31.269    30.190  3 55071.64701480 35.256
  43 150.778756  65.837761    34.906    34.970  4 55081.56266353 51.817
  44 150.779407  65.837821    31.199    31.231  4 55091.47831065 49.875
  45 150.778939  65.839343    29.927    29.910  4 55101.39395717 44.028
  46 150.775691  65.840716    29.389    29.420  4 55111.30960302 40.819
  47 150.777799  65.840633    29.059    29.075  3 55121.22524727 39.390
  48 150.776824  65.838747    30.160    30.159  4 55131.14088836 37.998
  49 150.778151  65.837054    34.664    34.694  4 55141.05652767 20.135
  50 150.777404  65.837189    34.728    34.749  3 55150.97216608 18.298
  51 150.778521  65.839072    34.527    34.421  3 55160.88780475 16.288
  52 150.779720  65.840958    34.629    34.597  4 55170.80344302 16.537
  53 150.778801  65.841503    34.587    34.572  4 55180.71907961 16.132
  54 150.776253  65.841021    34.739    34.739  4 55190.63472770 16.589
  55 150.778364  65.841330    34.631    34.608  4 55200.55037821 16.856
  56 150.779642  65.842108    34.740    34.820  4 55210.46602798 17.089
  57 150.776432  65.842720    34.446    34.465  4 55220.38167689 16.295
  58 150.778591  65.842545    34.610    34.606  4 55230.29732525 16.724
  59 150.776909  65.841166    34.635    34.745  4 55240.21297001 16.318
  60 150.779038  65.839488    34.869    34.833  4 55250.12861151 16.023
  61 150.776282  65.838179    34.964    34.950  4 55260.04425025 15.651
  62 150.775926  65.838258    34.951    34.982  4 55269.95988846 15.330
  63 150.775695  65.839084    34.859    34.890  4 55279.87552660 14.890
  64 150.778919  65.839755    35.085    35.151  4 55289.79116378 16.521
  65 150.777331  65.839201    34.997    35.033  4 55299.70679811 15.358
  66 150.778346  65.838125    34.944    35.058  3 55309.62244296 15.326
  67 150.777763  65.837333    29.047    28.981  4 55319.53808868 19.239
  68 150.777218  65.837744    30.269    30.265  3 55329.45373343 42.912
  69 150.778332  65.839385    35.061    34.729  3 55339.36937807 34.102
  70 150.777317  65.840762    32.671    32.599  4 55349.28502220 48.993
  71 150.778406  65.841510    31.851    30.881  4 55359.20066452 34.175
  72 150.776692  65.841441    30.543    30.552  4 55369.11630440 44.355
  73 150.779775  65.841665    31.771    31.282  4 55379.03194323 43.816
  74 150.780970  65.842063    30.994    30.302  4 55388.94758117 45.240
  75 150.776762  65.841823    29.917    29.874  4 55398.86321759 43.315
  76 150.778456  65.841138    29.640    29.573  4 55408.77886345 45.262
  77 150.780120  65.839750    30.735    30.760  4 55418.69451428 48.353
  78 150.778785  65.838309    30.499    30.498  4 55428.61016142 44.367
  79 150.779771  65.838248    32.913    32.914  4 55438.52580619 49.026
  80 150.779423  65.839081    35.385    35.311  4 55448.44144950 30.510
  81 150.776152  65.839548    34.864    34.888  4 55458.35709225 33.039
  82 150.780011  65.839745    32.844    32.052  4 55468.27273491 41.763
  83 150.778262  65.838666    30.220    30.219  4 55478.18837376 41.314
  84 150.777602  65.837708    29.422    29.375  4 55488.10400966 39.791
  85 150.780054  65.837616    29.936    29.941  3 55498.01964359 34.046
  86 150.777298  65.838497    33.451    34.327  4 55507.93528145 27.704
  87 150.778925  65.839968    34.839    34.905  4 55517.85093194 24.036
  88 150.778560  65.840955    34.458    34.472  3 55527.76658131 23.824
  89 150.780381  65.841430    34.817    34.906  4 55537.68222891 22.593
  90 150.779880  65.841610    35.030    35.150  4 55547.59787405 18.948
  91 150.778838  65.842112    34.826    34.944  4 55557.51351738 18.316
  92 150.780014  65.842875    34.353    34.322  4 55567.42916006 18.015
  93 150.779448  65.842510    34.071    33.922  4 55577.34480180 17.495
  94 150.776535  65.840604    34.438    34.635  4 55587.26044122 17.679
  95 150.776968  65.838364    35.311    35.092  3 55597.17607783 17.455
  96 150.778115  65.837256    34.942    34.951  4 55607.09171167 17.456
  97 150.777091  65.837460    35.410    35.299  3 55617.00734329 17.631
  98 150.777296  65.839011    35.236    35.453  3 55626.92298735 16.843
  99 150.776853  65.839644    35.716    35.692  4 55636.83863897 16.588
 100 150.778333  65.839170    35.177    35.282  4 55646.75428868 16.083
 101 150.777963  65.837793    35.422    35.420  3 55656.66993539 17.126
 102 150.778222  65.837220    35.771    35.908  3 55666.58557782 15.165
 103 150.778476  65.837979    30.949    29.002  3 55676.50121743 20.306
 104 150.777871  65.839557    30.051    30.099  4 55686.41685517 30.220
 105 150.776577  65.840684    30.538    30.545  4 55696.33249168 36.478
 106 150.779335  65.840971    31.053    31.019  4 55706.24812727 48.532
 107 150.780309  65.840728    35.593    35.541  4 55716.16377691 51.421
 108 150.778512  65.840771    35.753    35.809  3 55726.07942550 51.389
 109 150.776563  65.841581    34.292    34.228  4 55735.99507228 49.535
 110 150.779435  65.842761    33.483    32.983  4 55745.91071824 28.316
 111 150.781118  65.842594    35.816    35.556  4 55755.82636220 25.792
 112 150.776009  65.840248    31.752    31.621  4 55765.74200302 49.459
 113 150.778266  65.837870    32.925    32.266  3 55775.65764163 27.061
 114 150.777712  65.836557    31.227    30.414  3 55785.57327707 34.135
 115 150.778039  65.837634    34.693    34.810  4 55795.48891067 29.974
 116 150.776209  65.839370    31.786    31.772  4 55805.40454994 48.582
 117 150.779593  65.840500    34.229    34.261  4 55815.32019958 35.849
 118 150.777972  65.839180    32.955    32.077  4 55825.23584609 41.607
 119 150.777395  65.837361    30.415    30.324  3 55835.15148814 41.640
 120 150.778142  65.836582    30.124    30.122  4 55845.06712673 43.012
 121 150.778655  65.837873    29.391    29.396  3 55854.98276254 38.250
 122 150.775474  65.839887    30.626    30.103  4 55864.89840211 29.026
 123 150.780127  65.841951    34.719    34.685  4 55874.81405575 22.092
 124 150.776643  65.841689    34.488    34.508  4 55884.72970295 20.047
 125 150.778322  65.841064    34.843    34.731  3 55894.64534461 19.788
 126 150.779482  65.840505    34.858    34.884  4 55904.56098088 19.341
 127 150.779470  65.841157    34.741    34.968  4 55914.47662128 17.755
 128 150.778977  65.842305    34.322    34.365  4 55924.39227520 17.515
 129 150.780036  65.842495    34.436    34.452  4 55934.30792610 17.136
 130 150.777931  65.840444    34.515    34.379  3 55944.22357201 16.577
 131 150.777830  65.837797    34.741    34.932  4 55954.13921377 16.565
 132 150.777871  65.836541    34.933    34.954  4 55964.05485267 16.102
 133 150.779112  65.837776    34.963    35.001  3 55973.97049012 16.000
 134 150.778020  65.839866    34.796    34.684  3 55983.88612624 15.893
 135 150.777837  65.840608    34.413    34.566  3 55993.80176021 15.646
 136 150.777601  65.839508    34.816    34.828  3 56003.71741053 15.600
 137 150.777837  65.837440    34.898    34.888  3 56013.63305941 15.236
 138 150.779850  65.836912    35.043    35.070  4 56023.54870526 14.818
 139 150.776779  65.838388    34.817    34.821  3 56033.46434831 13.393
 140 150.775902  65.840914    32.554    32.734  4 56043.37998950 12.580
 141 150.778178  65.842627    31.047    31.139  4 56053.29562832 20.481
 142 150.778121  65.842262    99.729    99.759  3 56063.21126360 24.910
 143 150.775880  65.840773    33.940    33.970  4 56073.12690497 43.900
 144 150.776691  65.840421    31.586    31.498  4 56083.04255509 44.853
 145 150.779752  65.841197    32.937    32.789  4 56092.95820300 32.083
 146 150.779199  65.842112    30.972    30.972  4 56102.87384835 38.775
 147 150.775756  65.841561    30.543    30.520  4 56112.78947895 43.650
 148 150.777726  65.840043    30.541    30.547  4 56122.70511791 46.086
 149 150.779514  65.837785    32.785    33.174  3 56132.62075297 32.881
 150 150.778164  65.836640    30.369    30.046  3 56142.53638999 45.183
 151 150.779269  65.837863    30.633    30.651  3 56152.45204090 49.779
 152 150.779801  65.839923    35.101    35.053  4 56162.36769021 33.247
 153 150.779192  65.840952    33.654    33.488  4 56172.28333744 36.044
 154 150.778692  65.840097    31.904    31.436  4 56182.19897988 45.309
 155 150.777962  65.838344    30.587    30.617  3 56192.11461849 38.607
 156 150.780200  65.837614    33.003    33.122  4 56202.03025468 30.938
 157 150.778631  65.838634    31.908    31.493  4 56211.94588863 39.420
 158 150.779137  65.840778    29.187    29.131  4 56221.86152086 38.946
 159 150.778688  65.842663    34.181    34.234  4 56231.77717487 23.422
 160 150.776148  65.842607    34.498    34.502  4 56241.69282722 20.133
 161 150.779142  65.841900    34.832    34.788  4 56251.60847584 20.729
 162 150.780110  65.841057    34.939    34.860  4 56261.52411960 19.190
 163 150.778311  65.840941    34.859    34.882  4 56271.43976097 18.416
 164 150.777768  65.841202    34.583    34.644  4 56281.35540174 17.421
 165 150.777494  65.841245    34.576    34.473  4 56291.27105399 16.628
 166 150.775420  65.839874    34.507    34.468  4 56301.18670154 16.941
 167 150.775668  65.838202    34.635    34.745  4 56311.10234512 16.897
 168 150.778144  65.837650    35.026    34.891  3 56321.01798669 16.638
 169 150.775972  65.838407    34.667    34.859  4 56330.93362722 16.588
 170 150.779777  65.840007    34.897    34.887  4 56340.84926777 16.800
 171 150.778213  65.840446    34.805    34.628  3 56350.76490554 16.755
 172 150.779810  65.839664    34.982    34.924  4 56360.68054392 16.504
 173 150.776478  65.838494    34.964    34.957  4 56370.59619332 14.418
 175 150.777856  65.840258    34.897    34.907  3 56390.42748551 14.875
 176 150.775958  65.841840    32.941    32.808  4 56400.34312861 11.313
 177 150.776258  65.842707    30.121    29.944  4 56410.25876924 18.503
 178 150.778500  65.842419    30.791    30.681  3 56420.17440522 48.950
 179 150.777874  65.841514    36.103    36.088  4 56430.09004163 45.528
 180 150.777635  65.841410    32.505    32.508  4 56440.00569481 48.158
 181 150.779363  65.841608    33.838    33.827  4 56449.92134571 32.449
 182 150.777676  65.841327    32.367    32.410  3 56459.83699405 50.765
 183 150.779872  65.840519    33.996    34.005  4 56469.75263940 35.001
 184 150.777440  65.839338    31.308    31.329  4 56479.66828048 46.009
 185 150.779606  65.838656    31.828    30.626  4 56489.58391804 39.680
 186 150.778519  65.838585    32.754    32.461  4 56499.49955285 39.613
 187 150.777747  65.838900    32.696    31.846  4 56509.41518643 40.149
 188 150.778176  65.839482    33.280    33.274  4 56519.33082780 48.358
 189 150.777278  65.839712    35.024    34.805  4 56529.24648155 34.525
 190 150.777507  65.839552    33.003    32.990  4 56539.16213127 46.552
 191 150.780172  65.839487    34.697    35.614  4 56549.07777700 29.348
 192 150.778055  65.839974    32.020    31.280  3 56558.99341987 41.443
 193 150.779657  65.841258    32.431    32.437  4 56568.90906217 36.925
 194 150.777485  65.842383    29.756    29.750  4 56578.82470282 39.618
 195 150.779845  65.842666    30.143    30.106  4 56588.74034006 37.760
 196 150.778390  65.841994    31.216    31.015  4 56598.65598352 25.492
 197 150.779762  65.841544    33.980    34.048  4 56608.57163468 20.770
 198 150.777871  65.841551    33.992    34.019  3 56618.48728065 20.982
 199 150.780488  65.841896    34.130    34.084  4 56628.40292379 19.182
 200 150.778499  65.841228    34.675    34.219  4 56638.31856354 19.165
 201 150.778745  65.839772    34.410    34.403  4 56648.23420703 19.004
 202 150.776132  65.838326    34.477    34.489  4 56658.14985842 18.578
 203 150.776839  65.838057    34.587    34.634  4 56668.06550596 18.198
 204 150.778283  65.839290    33.943    33.978  3 56677.98115109 18.740
 205 150.777974  65.840529    33.632    33.579  3 56687.89679471 17.503
 206 150.776899  65.840619    34.447    34.316  4 56697.81243599 16.789
 207 150.778312  65.839703    34.761    34.746  3 56707.72807285 17.038
 208 150.779763  65.838819    35.472    35.325  4 56717.64370957 16.575
 210 150.778980  65.841135    34.381    34.482  4 56737.47501118 15.883
 211 150.777500  65.842916    34.441    34.044  4 56747.39065638 15.742
 212 150.780454  65.843516    34.230    34.264  4 56757.30629752 15.989
 213 150.776886  65.842297    34.390    34.382  4 56767.22193211 13.437
 214 150.775928  65.841098    35.152    35.129  4 56777.13757578 11.377
 215 150.779073  65.841380    35.015    35.048  4 56787.05323232 14.114
 216 150.777979  65.842091    29.863    29.917  4 56796.96888490 29.184
 217 150.781189  65.842882    36.890    36.883  4 56806.88453283 53.215
 218 150.777867  65.841764    37.948    37.936  3 56816.80017384 54.231
 219 150.777858  65.839846    35.324    35.760  3 56826.71581164 30.184
 221 150.777491  65.837824    32.777    32.780  3 56846.54707744 51.389
 222 150.776624  65.839261    31.576    31.556  4 56856.46272698 44.183
 223 150.779406  65.841144    32.754    32.493  4 56866.37838074 46.051
 224 150.775875  65.841124    33.186    33.177  4 56876.29403264 40.159
 225 150.779143  65.840586    33.435    33.193  4 56886.20968202 34.726
 226 150.780241  65.839686    34.485    35.322  4 56896.12532839 31.420
 227 150.776023  65.839901    30.437    30.431  4 56906.04097133 40.809
 228 150.778362  65.841896    30.466    30.476  3 56915.95661272 41.342
 229 150.776675  65.843624    30.133    30.137  4 56925.87225185 46.590
 230 150.776102  65.843939    30.528    29.703  4 56935.78788780 38.074
 231 150.780731  65.842719    29.533    29.518  4 56945.70351888 43.796
 232 150.777105  65.840792    29.832    29.824  4 56955.61917021 38.243
 233 150.776902  65.840161    34.181    34.077  4 56965.53481945 17.695
 234 150.776160  65.841060    34.504    34.494  4 56975.45046428 16.545
 235 150.779782  65.842390    34.490    34.514  4 56985.36610506 16.575
 236 150.776931  65.841571    34.431    34.405  4 56995.28173979 16.612
 237 150.778935  65.839456    34.970    35.006  4 57005.19738143 16.837
 238 150.777958  65.837500    34.773    34.925  3 57015.11303653 16.411
 239 150.777402  65.837500    34.968    34.954  4 57025.02868727 16.276
 240 150.776755  65.839647    34.741    34.800  4 57034.94433582 16.059
 241 150.780522  65.841863    34.760    34.755  4 57044.85998224 16.272
 242 150.779511  65.841991    34.724    34.766  4 57054.77562518 16.306
 243 150.778250  65.840251    34.707    34.721  4 57064.69126317 15.697
 244 150.775632  65.838843    34.793    34.874  4 57074.60689629 15.799
 245 150.777446  65.839288    34.870    34.947  3 57084.52252654 15.577
 246 150.779765  65.841897    34.775    34.824  4 57094.43817975 15.757
 247 150.780233  65.844132    34.633    34.650  4 57104.35383653 15.579
 248 150.776516  65.844268    34.441    34.432  4 57114.26948867 14.349
 249 150.777939  65.842732    34.788    34.896  4 57124.18513504 14.389
 250 150.776185  65.840737    34.890    34.881  4 57134.10077579 13.377
 251 150.779102  65.840063    35.104    35.066  4 57144.01641250 10.859
 252 150.777433  65.840567    34.244    34.468  4 57153.93204617 10.823
 253 150.776034  65.841226    30.065    30.085  4 57163.84768211 37.355
 254 150.777974  65.841514    33.218    33.226  4 57173.76333915 48.754
 255 150.779235  65.840101    33.767    33.657  4 57183.67899276 50.642
 256 150.777209  65.838175    33.346    32.707  4 57193.59464217 33.879
 257 150.775855  65.837809    32.174    32.136  4 57203.51028935 47.601
 258 150.779696  65.839660    31.365    30.760  4 57213.42592377 44.044
 259 150.777591  65.841470    32.690    32.601  4 57223.34156749 31.042
 260 150.776077  65.841979    30.296    30.283  4 57233.25720953 37.128
 261 150.775668  65.841044    30.669    30.637  4 57243.17284869 42.793
 262 150.776575  65.839789    31.776    31.333  4 57253.08848543 44.522
 263 150.775566  65.839843    31.872    30.684  4 57263.00412047 37.711
 264 150.779135  65.841735    30.259    30.292  4 57272.91975750 42.670
 265 150.775444  65.843538    30.502    30.549  4 57282.83541461 45.425
 266 150.776332  65.843971    30.430    30.395  4 57292.75106947 43.986
 267 150.777323  65.842623    30.126    30.134  4 57302.66672090 46.465
 268 150.776744  65.840669    29.568    29.527  4 57312.58236835 42.162
 269 150.778841  65.840020    31.200    30.037  4 57322.49801286 30.500
 270 150.779346  65.840661    34.552    34.591  4 57332.41365516 20.356
 271 150.778354  65.841608    34.482    34.423  4 57342.32929533 19.733
 272 150.779842  65.841693    34.615    34.660  4 57352.24494752 19.382
 273 150.776629  65.840071    34.909    34.904  4 57362.16059156 19.567
 274 150.777119  65.838310    34.656    34.716  4 57372.07623267 18.808
 275 150.775444  65.837977    34.994    34.762  4 57381.99187170 18.952
 276 150.776668  65.839279    34.374    34.607  4 57391.90751046 19.075
 277 150.776960  65.840766    34.738    34.838  4 57401.82314817 17.107
 278 150.778027  65.841338    34.747    34.841  4 57411.73879045 17.608
 279 150.779253  65.841074    34.745    34.815  4 57421.65444243 18.110
 280 150.778461  65.840827    34.666    34.695  4 57431.57009158 17.423
 281 150.778617  65.841498    34.636    34.701  4 57441.48573895 16.545
 282 150.778156  65.842753    34.610    34.561  3 57451.40138551 16.775
 283 150.778126  65.843576    34.515    34.482  4 57461.31703052 16.298
 284 150.777482  65.843109    34.637    34.682  4 57471.23267202 16.086
 285 150.776798  65.841661    34.746    34.814  4 57481.14830948 15.912
 286 150.779452  65.840361    34.970    34.935  4 57491.06394421 15.643
 287 150.776241  65.839484    34.851    34.877  4 57500.97957637 15.889
 288 150.779683  65.840051    31.590    31.113  4 57510.89522399 11.542
 289 150.780031  65.840605    29.675    29.708  4 57520.81087956 34.697
 290 150.775576  65.840268    34.541    34.638  4 57530.72653211 33.900
 291 150.778026  65.839666    31.940    31.907  3 57540.64218199 48.897
 292 150.778355  65.838913    30.729    30.709  3 57550.55782886 44.762
 293 150.778942  65.839014    31.635    30.315  4 57560.47347441 39.850
 294 150.776739  65.839890    30.634    30.629  4 57570.38911925 46.157
 295 150.777168  65.840984    31.010    30.954  4 57580.30476412 50.164
 296 150.779443  65.841596    31.202    30.432  4 57590.22040745 35.230
 297 150.779541  65.841466    31.036    31.027  4 57600.13604780 44.396
