# NaN NaN NaN ;Mean Elev.(m), Avg Gradient(m/km), RMS Gradient(m/km) - SRTM1     
#   -3.691  -1.131   5.371 ;Mean Elev.(m), Avg Gradient(m/km), RMS Gradient(m/km) - ASTER GDEM
#   45.529  -0.086   4.188 ;Mean Elev.(m), Avg Gradient(m/km), RMS Gradient(m/km) - GMTED2010 
   1    32.003 54660.18814893 27.09 150.735781  66.070197 12.941 -100.00 -100.00 -100.00
   1    31.785 54660.18814952 25.37 150.742227  66.069985 11.580 -100.00 -100.00 -100.00
   2    31.593 54670.10379507 26.67 150.739709  66.069673 15.908 -100.00 -100.00 -100.00
   2    31.787 54670.10379566 24.56 150.746155  66.069461 11.582 -100.00 -100.00 -100.00
   4    31.757 54689.93508212 30.20 150.741752  66.071546 22.914 -100.00 -100.00 -100.00
   4    31.313 54689.93508271 32.19 150.748198  66.071334 28.080 -100.00 -100.00 -100.00
   6    23.689 54709.76636772 42.85 150.741270  66.071060 30.362 -100.00 -100.00 -100.00
   6    31.101 54709.76636831 32.95 150.747715  66.070848   -100 -100.00 -100.00 -100.00
   8    25.826 54729.59766766 46.76 150.738341  66.067598 23.869 -100.00 -100.00 -100.00
   8    25.699 54729.59766826 39.98 150.744785  66.067386  1.612 -100.00 -100.00 -100.00
   9    26.606 54739.51331454 57.12 150.735060  66.067229   -100 -100.00 -100.00 -100.00
   9    26.702 54739.51331513 54.49 150.741504  66.067016 21.929 -100.00 -100.00 -100.00
   9    26.448 54739.51331572 54.94 150.747948  66.066804 25.090 -100.00 -100.00 -100.00
  10    24.736 54749.42896203 45.44 150.738880  66.067606   -100 -100.00 -100.00 -100.00
  10    24.746 54749.42896262 49.27 150.745325  66.067393   -100 -100.00 -100.00 -100.00
  11    79.141 54759.34460872  8.53 150.736440  66.068363  9.771 -100.00 -100.00 -100.00
  11    78.540 54759.34460931 10.26 150.742886  66.068151 12.366 -100.00 -100.00 -100.00
  13    31.198 54779.17589480 29.22 150.738892  66.067453  9.064 -100.00 -100.00 -100.00
  13    31.155 54779.17589539 30.27 150.745337  66.067241 11.258 -100.00 -100.00 -100.00
  14    31.205 54789.09153343 26.42 150.737315  66.066485  5.606 -100.00 -100.00 -100.00
  14    31.018 54789.09153402 26.35 150.743760  66.066273  5.611 -100.00 -100.00 -100.00
  14    30.705 54789.09153461 26.69 150.750205  66.066061  5.678 -100.00 -100.00 -100.00
  15    31.002 54799.00717132 28.83 150.739086  66.066388 11.378 -100.00 -100.00 -100.00
  15    30.799 54799.00717191 30.18 150.745531  66.066175 13.354 -100.00 -100.00 -100.00
  16    31.304 54808.92280909 27.07 150.739065  66.067533  9.256 -100.00 -100.00 -100.00
  16    31.015 54808.92280968 24.66 150.745510  66.067321  5.105 -100.00 -100.00 -100.00
  17    23.830 54818.83844617 30.53 150.736228  66.069170 21.578 -100.00 -100.00 -100.00
  17    30.908 54818.83844676 24.10 150.742673  66.068958  8.545 -100.00 -100.00 -100.00
  18    30.984 54828.75409830 21.51 150.737433  66.069855  4.272 -100.00 -100.00 -100.00
  18    31.132 54828.75409889 22.49 150.743879  66.069643  6.071 -100.00 -100.00 -100.00
  19    31.908 54838.66973704 21.59 150.735974  66.069969  4.751 -100.00 -100.00 -100.00
  19    31.634 54838.66973763 21.54 150.742419  66.069757  4.671 -100.00 -100.00 -100.00
  20    30.417 54848.58538632 21.97 150.737102  66.070143  5.939 -100.00 -100.00 -100.00
  20    30.405 54848.58538691 22.22 150.743548  66.069931  6.746 -100.00 -100.00 -100.00
  23    30.598 54878.33233175 20.42 150.737914  66.071024  5.277 -100.00 -100.00 -100.00
  23    30.332 54878.33233234 20.35 150.744360  66.070812  4.758 -100.00 -100.00 -100.00
  24    30.688 54888.24797658 20.60 150.737452  66.069598  6.467 -100.00 -100.00 -100.00
  24    30.122 54888.24797717 19.80 150.743898  66.069386  4.648 -100.00 -100.00 -100.00
  25    30.731 54898.16361817 19.23 150.737400  66.067765  4.290 -100.00 -100.00 -100.00
  25    31.676 54898.16361876 19.25 150.743845  66.067552  4.639 -100.00 -100.00 -100.00
  26    30.884 54908.07925743 19.13 150.739729  66.066927  5.540 -100.00 -100.00 -100.00
  26    31.292 54908.07925802 18.51 150.746174  66.066714  4.180 -100.00 -100.00 -100.00
  27    30.927 54917.99489484 17.74 150.735680  66.067560  4.751 -100.00 -100.00 -100.00
  27    30.720 54917.99489543 17.67 150.742126  66.067347  4.080 -100.00 -100.00 -100.00
  27    31.365 54917.99489602 17.46 150.748571  66.067135  3.979 -100.00 -100.00 -100.00
  28    31.863 54927.91053270 18.04 150.738114  66.068238  4.639 -100.00 -100.00 -100.00
  28    31.044 54927.91053329 18.35 150.744559  66.068025  4.481 -100.00 -100.00 -100.00
  29    30.782 54937.82616923 18.56 150.733282  66.068365  4.981 -100.00 -100.00 -100.00
  29    30.969 54937.82616982 18.32 150.739727  66.068153  4.538 -100.00 -100.00 -100.00
  29    31.188 54937.82617041 18.35 150.746172  66.067941  5.110 -100.00 -100.00 -100.00
  30    31.059 54947.74180500 16.59 150.739015  66.067508  4.376 -100.00 -100.00 -100.00
  30    31.296 54947.74180559 16.46 150.745460  66.067296  4.209 -100.00 -100.00 -100.00
  31    24.082 54957.65743995 32.18 150.736991  66.066787   -100 -100.00 -100.00 -100.00
  31    23.924 54957.65744054 32.26 150.743435  66.066575   -100 -100.00 -100.00 -100.00
  31    23.891 54957.65744114 28.56 150.749879  66.066363   -100 -100.00 -100.00 -100.00
  32    25.513 54967.57308847 49.35 150.736889  66.066685 19.120 -100.00 -100.00 -100.00
  32    25.699 54967.57308906 41.20 150.743333  66.066473   -100 -100.00 -100.00 -100.00
  32    25.503 54967.57308965 45.70 150.749776  66.066261 31.102 -100.00 -100.00 -100.00
  33    28.859 54977.48873599 36.09 150.737319  66.067435 28.907 -100.00 -100.00 -100.00
  33    28.902 54977.48873658 40.92 150.743763  66.067223   -100 -100.00 -100.00 -100.00
  33    28.878 54977.48873717 39.18 150.750207  66.067011   -100 -100.00 -100.00 -100.00
  35    27.289 54997.32003129 32.30 150.738835  66.068937 25.888 -100.00 -100.00 -100.00
  35    28.829 54997.32003188 33.98 150.745280  66.068725 28.660 -100.00 -100.00 -100.00
  36    25.871 55007.23567700 49.34 150.736407  66.069318   -100 -100.00 -100.00 -100.00
  36    25.565 55007.23567759 52.90 150.742853  66.069106   -100 -100.00 -100.00 -100.00
  37    25.186 55017.15132091 38.88 150.737168  66.069667   -100 -100.00 -100.00 -100.00
  37    24.587 55017.15132150 39.46 150.743614  66.069454  6.110 -100.00 -100.00 -100.00
  38    24.953 55027.06696365 40.99 150.740700  66.070293   -100 -100.00 -100.00 -100.00
  38    25.035 55027.06696424 45.07 150.747145  66.070080   -100 -100.00 -100.00 -100.00
  39    31.633 55036.98260573 30.28 150.741963  66.071310 26.169 -100.00 -100.00 -100.00
  39    31.519 55036.98260632 29.49 150.748409  66.071098 19.376 -100.00 -100.00 -100.00
  41    24.242 55056.81388544 45.74 150.737174  66.070806  1.727 -100.00 -100.00 -100.00
  41    24.369 55056.81388603 46.33 150.743620  66.070594   -100 -100.00 -100.00 -100.00
  42    23.830 55066.72952231 49.09 150.738002  66.068712   -100 -100.00 -100.00 -100.00
  42    24.020 55066.72952290 35.20 150.744447  66.068500   -100 -100.00 -100.00 -100.00
  43    26.817 55076.64517212 56.46 150.733624  66.067201   -100 -100.00 -100.00 -100.00
  43    26.953 55076.64517271 53.18 150.740068  66.066989 26.524 -100.00 -100.00 -100.00
  43    26.789 55076.64517330 53.21 150.746512  66.066777 27.361 -100.00 -100.00 -100.00
  44    28.542 55086.56082041 42.73 150.739122  66.066844   -100 -100.00 -100.00 -100.00
  44    28.682 55086.56082100 46.47 150.745566  66.066631   -100 -100.00 -100.00 -100.00
  45    24.839 55096.47646612 51.12 150.734646  66.067962   -100 -100.00 -100.00 -100.00
  45    24.812 55096.47646671 36.41 150.741091  66.067749  3.387 -100.00 -100.00 -100.00
  45    24.948 55096.47646730 32.64 150.747535  66.067537 31.289 -100.00 -100.00 -100.00
  46    63.708 55106.39211216 27.88 150.737441  66.068626 23.785 -100.00 -100.00 -100.00
  46    95.621 55106.39211275 23.46 150.743886  66.068414   -100 -100.00 -100.00 -100.00
  47    99.746 55116.30775740  2.77 150.735692  66.068258  3.863 -100.00 -100.00 -100.00
  47    96.680 55116.30775799  3.37 150.742137  66.068045  4.624 -100.00 -100.00 -100.00
  47    91.962 55116.30775858  7.13 150.748582  66.067833  8.083 -100.00 -100.00 -100.00
  48    30.336 55126.22340074 26.90 150.738649  66.066822  8.839 -100.00 -100.00 -100.00
  48    29.365 55126.22340134 29.60 150.745094  66.066610 14.757 -100.00 -100.00 -100.00
  49    31.287 55136.13904143 21.90 150.739330  66.065854  4.899 -100.00 -100.00 -100.00
  49    31.279 55136.13904202 21.82 150.745775  66.065642  5.143 -100.00 -100.00 -100.00
  49    31.048 55136.13904261 22.47 150.752220  66.065429  5.302 -100.00 -100.00 -100.00
  50    30.681 55146.05467945 20.90 150.733511  66.066297  8.163 -100.00 -100.00 -100.00
  50    30.417 55146.05468004 19.69 150.739956  66.066085  6.219 -100.00 -100.00 -100.00
  50    30.957 55146.05468063 19.36 150.746401  66.065872  5.394 -100.00 -100.00 -100.00
  51    32.054 55155.97031764 15.93 150.737473  66.067698  3.050 -100.00 -100.00 -100.00
  51    30.985 55155.97031823 16.83 150.743919  66.067486  5.158 -100.00 -100.00 -100.00
  52    30.752 55165.88595536 16.97 150.734639  66.069133  4.320 -100.00 -100.00 -100.00
  52    31.403 55165.88595595 16.47 150.741085  66.068921  3.833 -100.00 -100.00 -100.00
  52    31.220 55165.88595654 16.58 150.747531  66.068709  3.962 -100.00 -100.00 -100.00
  53    31.304 55175.80159351 16.62 150.739183  66.069716  4.330 -100.00 -100.00 -100.00
  53    31.492 55175.80159410 16.55 150.745628  66.069504  4.331 -100.00 -100.00 -100.00
  54    31.647 55185.71723488 16.86 150.738021  66.069442  4.193 -100.00 -100.00 -100.00
  54    31.341 55185.71723547 17.02 150.744467  66.069230  5.002 -100.00 -100.00 -100.00
  55    31.620 55195.63288611 17.45 150.739649  66.069324  4.707 -100.00 -100.00 -100.00
  55    31.452 55195.63288670 17.31 150.746095  66.069112  4.594 -100.00 -100.00 -100.00
  56    31.255 55205.54853551 18.09 150.735320  66.070255  5.375 -100.00 -100.00 -100.00
  56    31.796 55205.54853610 18.24 150.741765  66.070042  5.102 -100.00 -100.00 -100.00
  56    31.473 55205.54853669 18.56 150.748210  66.069830  5.410 -100.00 -100.00 -100.00
  57    31.875 55215.46418528 17.56 150.742273  66.071332  4.344 -100.00 -100.00 -100.00
  57    31.492 55215.46418587 18.08 150.748718  66.071120  4.659 -100.00 -100.00 -100.00
  59    32.250 55235.29547988 17.16 150.736124  66.070220  4.495 -100.00 -100.00 -100.00
  59    31.956 55235.29548047 16.59 150.742570  66.070008  3.863 -100.00 -100.00 -100.00
  60    30.785 55245.21112338 16.84 150.738796  66.067479  4.539 -100.00 -100.00 -100.00
  60    31.315 55245.21112397 16.56 150.745241  66.067267  4.013 -100.00 -100.00 -100.00
  61    30.934 55255.12676383 15.71 150.739094  66.065576  3.625 -100.00 -100.00 -100.00
  61    31.245 55255.12676442 16.86 150.745538  66.065364  5.230 -100.00 -100.00 -100.00
  61    31.329 55255.12676501 16.73 150.751983  66.065151  5.498 -100.00 -100.00 -100.00
  62    31.893 55265.04240243 15.98 150.736669  66.066090  4.014 -100.00 -100.00 -100.00
  62    31.375 55265.04240302 16.33 150.743113  66.065878  4.301 -100.00 -100.00 -100.00
  62    31.374 55265.04240361 17.30 150.749558  66.065665  5.251 -100.00 -100.00 -100.00
  63    32.285 55274.95804034 16.41 150.736409  66.068126  3.923 -100.00 -100.00 -100.00
  63    31.550 55274.95804093 16.73 150.742854  66.067914  5.248 -100.00 -100.00 -100.00
  63    31.267 55274.95804152 16.35 150.749299  66.067701  4.079 -100.00 -100.00 -100.00
  64    32.184 55284.87367765 16.93 150.737236  66.069336  4.894 -100.00 -100.00 -100.00
  64    31.456 55284.87367824 16.29 150.743681  66.069123  4.353 -100.00 -100.00 -100.00
  65    30.653 55294.78931329 15.91 150.738229  66.068477  4.583 -100.00 -100.00 -100.00
  65    31.521 55294.78931388 15.62 150.744673  66.068265  4.011 -100.00 -100.00 -100.00
  66    30.995 55304.70495132 15.45 150.733719  66.066564  4.716 -100.00 -100.00 -100.00
  66    31.538 55304.70495191 14.87 150.740163  66.066353  3.790 -100.00 -100.00 -100.00
  66    31.568 55304.70495250 15.54 150.746607  66.066141  4.216 -100.00 -100.00 -100.00
  67    31.853 55314.62059897 14.87 150.737282  66.065140  4.328 -100.00 -100.00 -100.00
  67    31.503 55314.62059956 15.32 150.743726  66.064928  4.899 -100.00 -100.00 -100.00
  67    31.600 55314.62060015 15.47 150.750169  66.064716  4.484 -100.00 -100.00 -100.00
  68    23.526 55324.53624462 34.71 150.739391  66.065977   -100 -100.00 -100.00 -100.00
  68    23.440 55324.53624521 35.09 150.745835  66.065765   -100 -100.00 -100.00 -100.00
  69    29.895 55334.45188858 50.98 150.737209  66.068185   -100 -100.00 -100.00 -100.00
  69    29.746 55334.45188917 53.43 150.743653  66.067973 31.285 -100.00 -100.00 -100.00
  70    31.392 55344.36753265 53.43 150.739159  66.069736   -100 -100.00 -100.00 -100.00
  70    31.259 55344.36753324 52.61 150.745603  66.069523 31.375 -100.00 -100.00 -100.00
  71    31.245 55354.28317573 26.74 150.737412  66.069859 15.030 -100.00 -100.00 -100.00
  71    28.511 55354.28317632 31.15 150.743857  66.069646 25.339 -100.00 -100.00 -100.00
  72    26.050 55364.19881678 36.45 150.736147  66.069395   -100 -100.00 -100.00 -100.00
  72    29.407 55364.19881737 28.33 150.742592  66.069183 19.064 -100.00 -100.00 -100.00
  73    31.643 55374.11445636 29.06 150.737264  66.069250 22.282 -100.00 -100.00 -100.00
  73    28.849 55374.11445695 28.04 150.743709  66.069038 15.560 -100.00 -100.00 -100.00
  74    31.835 55384.03009458 26.50 150.736796  66.070214 21.266 -100.00 -100.00 -100.00
  74    31.657 55384.03009518 23.42 150.743241  66.070002 13.023 -100.00 -100.00 -100.00
  77    23.775 55413.77702155 47.38 150.739499  66.070032  7.059 -100.00 -100.00 -100.00
  77    24.046 55413.77702214 46.04 150.745944  66.069820   -100 -100.00 -100.00 -100.00
  78    25.658 55423.69266984 54.63 150.733400  66.067626   -100 -100.00 -100.00 -100.00
  78    25.568 55423.69267043 47.69 150.739845  66.067414   -100 -100.00 -100.00 -100.00
  78    25.616 55423.69267102 43.43 150.746289  66.067202 10.882 -100.00 -100.00 -100.00
  79    26.353 55433.60831655 55.40 150.738716  66.065503 17.323 -100.00 -100.00 -100.00
  79    26.157 55433.60831714 55.56 150.745159  66.065291 32.085 -100.00 -100.00 -100.00
  79    26.084 55433.60831773 54.24 150.751603  66.065079 31.820 -100.00 -100.00 -100.00
  80    27.451 55443.52396086 47.26 150.736585  66.065963 24.141 -100.00 -100.00 -100.00
  80    27.635 55443.52396145 37.61 150.743028  66.065750   -100 -100.00 -100.00 -100.00
  80    27.530 55443.52396204 43.63 150.749472  66.065538 18.944 -100.00 -100.00 -100.00
  81    31.948 55453.43960420 25.37 150.739010  66.067637 14.037 -100.00 -100.00 -100.00
  81    31.610 55453.43960479 26.96 150.745454  66.067424 15.515 -100.00 -100.00 -100.00
  82    29.296 55463.35524623 40.12 150.735920  66.069371   -100 -100.00 -100.00 -100.00
  82    29.285 55463.35524682 37.44 150.742365  66.069158   -100 -100.00 -100.00 -100.00
  83    26.207 55473.27088636 40.79 150.735583  66.068864   -100 -100.00 -100.00 -100.00
  83    26.169 55473.27088695 40.85 150.742028  66.068652   -100 -100.00 -100.00 -100.00
  83    26.182 55473.27088754 48.60 150.748473  66.068439 15.682 -100.00 -100.00 -100.00
  84    93.127 55483.18652354  3.27 150.733766  66.066984  4.423 -100.00 -100.00 -100.00
  84    98.078 55483.18652413  4.98 150.740211  66.066772  6.327 -100.00 -100.00 -100.00
  84    76.077 55483.18652472 10.44 150.746656  66.066560 12.813 -100.00 -100.00 -100.00
  85    30.983 55493.10215917 29.24 150.738280  66.065176  7.557 -100.00 -100.00 -100.00
  85    31.046 55493.10215976 30.26 150.744724  66.064964 10.304 -100.00 -100.00 -100.00
  85    31.344 55493.10216035 30.07 150.751169  66.064751  8.793 -100.00 -100.00 -100.00
  86    31.626 55503.01779276 27.12 150.736525  66.065989  6.430 -100.00 -100.00 -100.00
  86    31.091 55503.01779335 27.47 150.742970  66.065777  6.847 -100.00 -100.00 -100.00
  86    31.263 55503.01779394 27.84 150.749415  66.065565  7.695 -100.00 -100.00 -100.00
  87    30.822 55512.93343980 28.09 150.739587  66.068223 10.462 -100.00 -100.00 -100.00
  87    31.429 55512.93344039 26.04 150.746033  66.068011  5.527 -100.00 -100.00 -100.00
  88    32.017 55522.84908925 25.90 150.738527  66.070338  6.786 -100.00 -100.00 -100.00
  88    31.574 55522.84908984 24.77 150.744973  66.070126  5.689 -100.00 -100.00 -100.00
  90    31.461 55542.68038345 21.87 150.735538  66.069941  4.275 -100.00 -100.00 -100.00
  90    31.334 55542.68038404 22.83 150.741983  66.069729  4.939 -100.00 -100.00 -100.00
  90    31.526 55542.68038463 22.75 150.748428  66.069517  5.742 -100.00 -100.00 -100.00
  91    31.500 55552.59602774 21.55 150.734591  66.069265  5.139 -100.00 -100.00 -100.00
  91    31.551 55552.59602833 21.08 150.741036  66.069053  4.784 -100.00 -100.00 -100.00
  91    31.508 55552.59602892 22.00 150.747481  66.068841  5.934 -100.00 -100.00 -100.00
  92    31.931 55562.51167090 20.08 150.735736  66.069770  3.769 -100.00 -100.00 -100.00
  92    31.351 55562.51167149 20.96 150.742182  66.069558  5.410 -100.00 -100.00 -100.00
  92    31.672 55562.51167208 20.33 150.748627  66.069346  4.490 -100.00 -100.00 -100.00
  94    31.389 55582.34295479 19.55 150.739904  66.070939  4.242 -100.00 -100.00 -100.00
  94    31.630 55582.34295539 20.12 150.746350  66.070727  5.077 -100.00 -100.00 -100.00
  95    32.148 55592.25859221 19.47 150.734975  66.069504  3.921 -100.00 -100.00 -100.00
  95    31.723 55592.25859280 19.45 150.741420  66.069293  3.679 -100.00 -100.00 -100.00
  95    31.670 55592.25859339 19.77 150.747866  66.069080  3.883 -100.00 -100.00 -100.00
  96    31.236 55602.17422669 20.99 150.733660  66.067176  5.219 -100.00 -100.00 -100.00
  96    31.820 55602.17422728 20.06 150.740105  66.066964  3.957 -100.00 -100.00 -100.00
  96    31.376 55602.17422787 20.33 150.746551  66.066752  4.657 -100.00 -100.00 -100.00
  97    30.946 55612.08985969 20.27 150.739561  66.065600  5.599 -100.00 -100.00 -100.00
  97    31.232 55612.08986028 20.45 150.746006  66.065388  5.954 -100.00 -100.00 -100.00
  97    31.201 55612.08986087 20.33 150.752450  66.065176  5.162 -100.00 -100.00 -100.00
  98    31.002 55622.00549375 19.26 150.739512  66.066276  3.544 -100.00 -100.00 -100.00
  98    31.621 55622.00549434 19.18 150.745957  66.066064  3.571 -100.00 -100.00 -100.00
  99    31.170 55631.92114648 19.56 150.737772  66.068107  4.663 -100.00 -100.00 -100.00
  99    31.637 55631.92114707 19.13 150.744217  66.067895  3.533 -100.00 -100.00 -100.00
 100    31.158 55641.83679703 17.98 150.735980  66.069184  4.121 -100.00 -100.00 -100.00
 100    31.942 55641.83679762 18.72 150.742425  66.068972  4.482 -100.00 -100.00 -100.00
 101    31.126 55651.75244499 20.64 150.736150  66.068555  7.161 -100.00 -100.00 -100.00
 101    31.837 55651.75244558 18.72 150.742594  66.068343  5.225 -100.00 -100.00 -100.00
 102    31.814 55661.66808889 20.75 150.734879  66.066627  6.245 -100.00 -100.00 -100.00
 102    31.996 55661.66808948 20.27 150.741323  66.066415  6.009 -100.00 -100.00 -100.00
 102    31.435 55661.66809007 21.18 150.747767  66.066203  7.624 -100.00 -100.00 -100.00
 103    23.620 55671.58372963 18.08 150.734044  66.065616   -100 -100.00 -100.00 -100.00
 103    23.643 55671.58373022 15.81 150.740488  66.065404 27.996 -100.00 -100.00 -100.00
 103    23.335 55671.58373081 13.95 150.746931  66.065192 20.893 -100.00 -100.00 -100.00
 104    32.214 55681.49936906 10.95 150.736503  66.066321  5.437 -100.00 -100.00 -100.00
 104    31.655 55681.49936965 11.38 150.742947  66.066108  6.062 -100.00 -100.00 -100.00
 104    31.445 55681.49937024 12.30 150.749391  66.065896  7.105 -100.00 -100.00 -100.00
 105    25.015 55691.41500672 35.65 150.738486  66.068512 11.264 -100.00 -100.00 -100.00
 105    25.119 55691.41500731 32.61 150.744930  66.068300   -100 -100.00 -100.00 -100.00
 106    25.440 55701.33064278 38.59 150.740750  66.070345  9.320 -100.00 -100.00 -100.00
 106    25.487 55701.33064337 37.24 150.747196  66.070132  2.771 -100.00 -100.00 -100.00
 107    29.115 55711.24628366 48.82 150.737800  66.070967 16.347 -100.00 -100.00 -100.00
 107    29.145 55711.24628425 50.19 150.744246  66.070756 11.124 -100.00 -100.00 -100.00
 108    32.599 55721.16193330 38.94 150.735858  66.070349 28.152 -100.00 -100.00 -100.00
 108    32.646 55721.16193389 44.81 150.742304  66.070137   -100 -100.00 -100.00 -100.00
 109    31.889 55731.07758145 38.36 150.740631  66.069708   -100 -100.00 -100.00 -100.00
 109    32.173 55731.07758204 38.66 150.747076  66.069496   -100 -100.00 -100.00 -100.00
 110    28.325 55740.99322770 46.57 150.738509  66.069832   -100 -100.00 -100.00 -100.00
 110    28.554 55740.99322829 44.47 150.744954  66.069620   -100 -100.00 -100.00 -100.00
 111    28.311 55750.90887301 36.73 150.739740  66.070112 24.781 -100.00 -100.00 -100.00
 111    29.371 55750.90887360 37.60 150.746185  66.069900 25.716 -100.00 -100.00 -100.00
 112    27.548 55760.82451544 36.34 150.735024  66.070028   -100 -100.00 -100.00 -100.00
 112    31.415 55760.82451603 29.95 150.741469  66.069816 23.385 -100.00 -100.00 -100.00
 112    31.393 55760.82451662 30.56 150.747914  66.069604 19.325 -100.00 -100.00 -100.00
 113    26.004 55770.74015584 54.86 150.739308  66.068852   -100 -100.00 -100.00 -100.00
 113    26.090 55770.74015643 53.99 150.745753  66.068640   -100 -100.00 -100.00 -100.00
 114    25.214 55780.65579229 34.04 150.737726  66.067159   -100 -100.00 -100.00 -100.00
 114    25.503 55780.65579288 34.49 150.744170  66.066947 32.435 -100.00 -100.00 -100.00
 115    27.546 55790.57142605 40.32 150.735459  66.066277  4.282 -100.00 -100.00 -100.00
 115    27.666 55790.57142664 34.56 150.741903  66.066065   -100 -100.00 -100.00 -100.00
 115    27.751 55790.57142723 36.93 150.748347  66.065853   -100 -100.00 -100.00 -100.00
 116    28.173 55800.48705910 41.40 150.738519  66.066617 32.096 -100.00 -100.00 -100.00
 116    28.213 55800.48705969 42.22 150.744963  66.066405   -100 -100.00 -100.00 -100.00
 117    28.818 55810.40270737 54.88 150.735791  66.067959 31.906 -100.00 -100.00 -100.00
 117    28.898 55810.40270796 55.61 150.742235  66.067747 22.652 -100.00 -100.00 -100.00
 117    28.617 55810.40270855 52.21 150.748680  66.067535 29.671 -100.00 -100.00 -100.00
 118    28.399 55820.31835642 36.96 150.738482  66.068837   -100 -100.00 -100.00 -100.00
 118    28.799 55820.31835701 33.69 150.744927  66.068625 18.745 -100.00 -100.00 -100.00
 119    26.241 55830.23400024 28.99 150.734561  66.068684 18.878 -100.00 -100.00 -100.00
 119    31.587 55830.23400083 27.69 150.741006  66.068472 15.349 -100.00 -100.00 -100.00
 119    28.806 55830.23400142 30.59 150.747452  66.068260 20.172 -100.00 -100.00 -100.00
 120    98.725 55840.14964007  1.51 150.736282  66.067273  3.158 -100.00 -100.00 -100.00
 120    99.274 55840.14964066  5.61 150.742728  66.067061  3.921 -100.00 -100.00 -100.00
 120    76.209 55840.14964125  8.06 150.749173  66.066849  4.237 -100.00 -100.00 -100.00
 121    23.761 55850.06527691 43.40 150.738774  66.066275   -100 -100.00 -100.00 -100.00
 121    24.297 55850.06527750 44.74 150.745219  66.066063 29.751 -100.00 -100.00 -100.00
 121    23.738 55850.06527809 44.02 150.751664  66.065851   -100 -100.00 -100.00 -100.00
 122    29.456 55859.98091147 28.71 150.738367  66.067184 11.306 -100.00 -100.00 -100.00
 122    30.918 55859.98091206 27.53 150.744813  66.066972 10.090 -100.00 -100.00 -100.00
 123    31.813 55869.89656156 23.31 150.733795  66.069212  5.562 -100.00 -100.00 -100.00
 123    31.526 55869.89656215 24.44 150.740241  66.069000  7.919 -100.00 -100.00 -100.00
 123    31.423 55869.89656274 23.58 150.746687  66.068788  6.435 -100.00 -100.00 -100.00
 124    32.110 55879.81221296 21.68 150.738542  66.070614  4.995 -100.00 -100.00 -100.00
 124    31.915 55879.81221355 21.64 150.744987  66.070402  5.191 -100.00 -100.00 -100.00
 125    31.651 55889.72785721 20.96 150.737932  66.071010  4.598 -100.00 -100.00 -100.00
 125    31.677 55889.72785780 21.24 150.744377  66.070798  5.200 -100.00 -100.00 -100.00
 126    31.448 55899.64349559 20.54 150.736970  66.070602  4.796 -100.00 -100.00 -100.00
 126    31.679 55899.64349618 20.61 150.743415  66.070390  4.195 -100.00 -100.00 -100.00
 127    31.866 55909.55912944 18.91 150.739408  66.070231  4.305 -100.00 -100.00 -100.00
 127    31.427 55909.55913003 18.87 150.745853  66.070019  3.943 -100.00 -100.00 -100.00
 128    31.925 55919.47478052 18.64 150.738293  66.070333  3.933 -100.00 -100.00 -100.00
 128    31.488 55919.47478111 18.79 150.744739  66.070121  4.420 -100.00 -100.00 -100.00
 129    30.614 55929.39043333 19.34 150.739956  66.070105  5.912 -100.00 -100.00 -100.00
 129    31.545 55929.39043392 18.30 150.746402  66.069893  4.045 -100.00 -100.00 -100.00
 130    31.255 55939.30608179 17.88 150.734208  66.069368  3.382 -100.00 -100.00 -100.00
 130    31.076 55939.30608238 18.05 150.740654  66.069156  3.898 -100.00 -100.00 -100.00
 130    31.409 55939.30608297 17.80 150.747099  66.068944  3.379 -100.00 -100.00 -100.00
 131    31.077 55949.22172615 17.34 150.735909  66.067679  3.926 -100.00 -100.00 -100.00
 131    31.270 55949.22172674 17.50 150.742354  66.067467  3.653 -100.00 -100.00 -100.00
 131    31.275 55949.22172733 17.30 150.748799  66.067255  4.181 -100.00 -100.00 -100.00
 132    32.025 55959.13736592 17.15 150.735226  66.066640  3.386 -100.00 -100.00 -100.00
 132    31.602 55959.13736651 17.73 150.741671  66.066428  4.406 -100.00 -100.00 -100.00
 132    31.368 55959.13736710 17.21 150.748116  66.066216  3.299 -100.00 -100.00 -100.00
 133    31.028 55969.05300321 17.02 150.733727  66.066771  4.273 -100.00 -100.00 -100.00
 133    30.943 55969.05300380 16.74 150.740173  66.066559  3.520 -100.00 -100.00 -100.00
 133    31.300 55969.05300439 16.78 150.746618  66.066346  3.159 -100.00 -100.00 -100.00
 134    31.014 55978.96864019 16.92 150.738978  66.067572  3.830 -100.00 -100.00 -100.00
 134    31.383 55978.96864078 16.62 150.745423  66.067360  3.217 -100.00 -100.00 -100.00
 135    30.385 55988.88427591 16.60 150.738043  66.068295  3.551 -100.00 -100.00 -100.00
 135    31.432 55988.88427650 16.45 150.744488  66.068083  3.566 -100.00 -100.00 -100.00
 136    30.968 55998.79991723 16.43 150.733790  66.068369  3.773 -100.00 -100.00 -100.00
 136    30.822 55998.79991782 16.31 150.740235  66.068157  3.302 -100.00 -100.00 -100.00
 136    31.514 55998.79991841 16.23 150.746680  66.067945  3.159 -100.00 -100.00 -100.00
 137    30.985 56008.71556840 16.34 150.735231  66.067574  3.353 -100.00 -100.00 -100.00
 137    30.862 56008.71556899 16.32 150.741676  66.067362  2.989 -100.00 -100.00 -100.00
 137    31.340 56008.71556958 15.93 150.748120  66.067150  2.802 -100.00 -100.00 -100.00
 138    31.023 56018.63121516 16.44 150.734454  66.067007  3.885 -100.00 -100.00 -100.00
 138    31.293 56018.63121575 16.17 150.740898  66.066795  3.892 -100.00 -100.00 -100.00
 138    31.183 56018.63121634 16.16 150.747342  66.066583  3.839 -100.00 -100.00 -100.00
 139    31.063 56028.54685947 16.26 150.739085  66.067142  3.749 -100.00 -100.00 -100.00
 139    31.232 56028.54686006 15.84 150.745529  66.066930  3.509 -100.00 -100.00 -100.00
 140    30.593 56038.46250147 12.72 150.737821  66.068288  3.820 -100.00 -100.00 -100.00
 140    30.176 56038.46250207 12.93 150.744266  66.068076  4.607 -100.00 -100.00 -100.00
 141    30.927 56048.37814142 12.47 150.735399  66.069606  4.103 -100.00 -100.00 -100.00
 141    31.153 56048.37814201 12.10 150.741844  66.069394  3.570 -100.00 -100.00 -100.00
 141    31.641 56048.37814260 11.73 150.748289  66.069181  2.526 -100.00 -100.00 -100.00
 142    24.178 56058.29377907 42.59 150.737672  66.070475   -100 -100.00 -100.00 -100.00
 142    24.424 56058.29377966 42.25 150.744118  66.070263   -100 -100.00 -100.00 -100.00
 143    32.278 56068.20941222 34.98 150.738670  66.070634 24.317 -100.00 -100.00 -100.00
 143    32.166 56068.20941281 35.47 150.745116  66.070422 26.513 -100.00 -100.00 -100.00
 144    32.067 56078.12506324 27.81 150.738942  66.070403 11.733 -100.00 -100.00 -100.00
 144    29.653 56078.12506383 34.31 150.745388  66.070191 29.288 -100.00 -100.00 -100.00
 145    27.167 56088.04071164 44.70 150.736350  66.070458   -100 -100.00 -100.00 -100.00
 145    26.835 56088.04071223 43.63 150.742796  66.070246   -100 -100.00 -100.00 -100.00
 146    25.615 56097.95635825 44.50 150.741446  66.070451   -100 -100.00 -100.00 -100.00
 146    25.811 56097.95635885 45.97 150.747891  66.070238   -100 -100.00 -100.00 -100.00
 147    31.811 56107.87200199 25.43 150.739358  66.069990 15.002 -100.00 -100.00 -100.00
 147    31.665 56107.87200258 25.60 150.745803  66.069777 13.674 -100.00 -100.00 -100.00
 148    25.790 56117.78763108 38.25 150.734407  66.068774   -100 -100.00 -100.00 -100.00
 148    25.997 56117.78763167 37.78 150.740851  66.068562   -100 -100.00 -100.00 -100.00
 148    25.924 56117.78763226 42.64 150.747296  66.068350   -100 -100.00 -100.00 -100.00
 149    24.661 56127.70326873 50.14 150.736658  66.067259 26.929 -100.00 -100.00 -100.00
 149    24.571 56127.70326932 55.07 150.743102  66.067047   -100 -100.00 -100.00 -100.00
 149    24.537 56127.70326992 50.71 150.749546  66.066835 11.404 -100.00 -100.00 -100.00
 150    24.666 56137.61890242 40.83 150.735922  66.066594   -100 -100.00 -100.00 -100.00
 150    24.901 56137.61890301 47.02 150.742366  66.066382   -100 -100.00 -100.00 -100.00
 150    25.171 56137.61890360 45.86 150.748810  66.066170 32.376 -100.00 -100.00 -100.00
 151    24.078 56147.53454864 47.88 150.739476  66.067131 30.716 -100.00 -100.00 -100.00
 151    24.092 56147.53454923 47.19 150.745920  66.066919 29.643 -100.00 -100.00 -100.00
 152    27.883 56157.45019750 54.75 150.735884  66.068404   -100 -100.00 -100.00 -100.00
 152    27.761 56157.45019809 51.29 150.742329  66.068192  2.370 -100.00 -100.00 -100.00
 152    27.756 56157.45019868 50.78 150.748773  66.067979  8.016 -100.00 -100.00 -100.00
 153    28.724 56167.36584566 40.05 150.735092  66.068966   -100 -100.00 -100.00 -100.00
 153    28.539 56167.36584626 40.36 150.741537  66.068754   -100 -100.00 -100.00 -100.00
 153    28.589 56167.36584685 37.81 150.747982  66.068542   -100 -100.00 -100.00 -100.00
 154    29.518 56177.28149133 49.13 150.735166  66.068269 22.862 -100.00 -100.00 -100.00
 154    29.627 56177.28149192 46.71 150.741611  66.068057   -100 -100.00 -100.00 -100.00
 154    29.737 56177.28149251 49.89 150.748056  66.067844   -100 -100.00 -100.00 -100.00
 155    31.312 56187.19713249 25.55 150.737566  66.067177 15.033 -100.00 -100.00 -100.00
 155    31.417 56187.19713308 24.48 150.744011  66.066965 10.128 -100.00 -100.00 -100.00
 155    32.119 56187.19713367 24.84 150.750456  66.066753 10.012 -100.00 -100.00 -100.00
 156    24.834 56197.11276967 36.10 150.736243  66.066836   -100 -100.00 -100.00 -100.00
 156    24.971 56197.11277026 38.45 150.742688  66.066624   -100 -100.00 -100.00 -100.00
 156    25.217 56197.11277085 38.78 150.749133  66.066411   -100 -100.00 -100.00 -100.00
 157    64.789 56207.02840424 20.01 150.739200  66.067846 24.457 -100.00 -100.00 -100.00
 157    71.631 56207.02840483 21.64 150.745645  66.067634 11.932 -100.00 -100.00 -100.00
 158    23.411 56216.94403655 46.12 150.734285  66.069910  4.918 -100.00 -100.00 -100.00
 158    23.736 56216.94403714 45.70 150.740730  66.069698   -100 -100.00 -100.00 -100.00
 158    23.749 56216.94403773 48.07 150.747176  66.069486   -100 -100.00 -100.00 -100.00
 160    31.927 56236.77533396 23.41 150.738939  66.070937  6.566 -100.00 -100.00 -100.00
 160    31.414 56236.77533455 25.64 150.745385  66.070725  9.770 -100.00 -100.00 -100.00
 161    32.075 56246.69098471 23.20 150.736449  66.070225  6.047 -100.00 -100.00 -100.00
 161    31.585 56246.69098530 22.25 150.742895  66.070013  5.206 -100.00 -100.00 -100.00
 162    31.485 56256.60663042 23.30 150.734393  66.069886  7.775 -100.00 -100.00 -100.00
 162    31.129 56256.60663101 23.15 150.740838  66.069674  7.284 -100.00 -100.00 -100.00
 162    31.669 56256.60663160 22.92 150.747283  66.069461  6.597 -100.00 -100.00 -100.00
 163    31.269 56266.52227321 23.13 150.740430  66.070294  9.397 -100.00 -100.00 -100.00
 163    31.242 56266.52227380 26.37 150.746876  66.070082 14.252 -100.00 -100.00 -100.00
 164    31.597 56276.43791386 19.60 150.741419  66.070851  4.596 -100.00 -100.00 -100.00
 164    31.485 56276.43791445 21.97 150.747864  66.070638  7.711 -100.00 -100.00 -100.00
 165    31.551 56286.35356073 17.87 150.740884  66.070309  3.289 -100.00 -100.00 -100.00
 165    31.610 56286.35356132 17.96 150.747330  66.070096  3.478 -100.00 -100.00 -100.00
 166    31.159 56296.26921049 18.04 150.738557  66.068335  3.282 -100.00 -100.00 -100.00
 166    31.253 56296.26921108 18.42 150.745002  66.068123  3.893 -100.00 -100.00 -100.00
 167    31.113 56306.18485639 18.23 150.738264  66.066183  4.270 -100.00 -100.00 -100.00
 167    31.391 56306.18485698 18.18 150.744709  66.065971  4.115 -100.00 -100.00 -100.00
 167    31.560 56306.18485757 17.90 150.751154  66.065759  3.432 -100.00 -100.00 -100.00
 168    31.671 56316.10049890 17.86 150.735994  66.065747  3.660 -100.00 -100.00 -100.00
 168    31.541 56316.10049949 18.26 150.742439  66.065534  3.961 -100.00 -100.00 -100.00
 168    31.562 56316.10050008 18.04 150.748884  66.065322  3.569 -100.00 -100.00 -100.00
 169    31.334 56326.01613985 17.78 150.736137  66.067319  3.222 -100.00 -100.00 -100.00
 169    31.517 56326.01614044 17.94 150.742582  66.067107  4.082 -100.00 -100.00 -100.00
 169    31.563 56326.01614104 17.72 150.749027  66.066894  4.195 -100.00 -100.00 -100.00
 170    31.106 56335.93177964 17.35 150.733614  66.069260  3.635 -100.00 -100.00 -100.00
 170    31.648 56335.93178023 17.46 150.740059  66.069048  3.858 -100.00 -100.00 -100.00
 170    31.484 56335.93178082 17.57 150.746505  66.068836  3.682 -100.00 -100.00 -100.00
 171    31.323 56345.84741851 17.15 150.734560  66.069645  3.797 -100.00 -100.00 -100.00
 171    31.795 56345.84741910 17.68 150.741006  66.069433  4.741 -100.00 -100.00 -100.00
 171    31.599 56345.84741969 17.71 150.747451  66.069220  4.309 -100.00 -100.00 -100.00
 172    31.872 56355.76305526 17.51 150.738166  66.068318  4.796 -100.00 -100.00 -100.00
 172    31.642 56355.76305585 16.93 150.744611  66.068106  3.553 -100.00 -100.00 -100.00
 173    31.581 56365.67870184 16.23 150.739254  66.066724  3.685 -100.00 -100.00 -100.00
 173    31.544 56365.67870243 16.19 150.745698  66.066512  3.498 -100.00 -100.00 -100.00
 174    31.749 56375.59435040 15.69 150.737093  66.066650  4.258 -100.00 -100.00 -100.00
 174    31.286 56375.59435099 15.48 150.743537  66.066438  4.134 -100.00 -100.00 -100.00
 174    31.515 56375.59435158 15.42 150.749981  66.066226  3.347 -100.00 -100.00 -100.00
 176    32.204 56395.42563978 15.92 150.736806  66.070557  5.261 -100.00 -100.00 -100.00
 176    31.569 56395.42564037 14.96 150.743251  66.070345  3.615 -100.00 -100.00 -100.00
 177    30.589 56405.34128160 10.63 150.739140  66.071521  6.067 -100.00 -100.00 -100.00
 177    29.581 56405.34128219 11.41 150.745585  66.071309  6.924 -100.00 -100.00 -100.00
 178    31.768 56415.25692016 29.27 150.740772  66.071197 17.196 -100.00 -100.00 -100.00
 178    31.634 56415.25692075 30.57 150.747217  66.070984 19.464 -100.00 -100.00 -100.00
 179    32.558 56425.17255350 36.12 150.737797  66.070129 25.459 -100.00 -100.00 -100.00
 179    32.583 56425.17255409 36.65 150.744242  66.069917 29.556 -100.00 -100.00 -100.00
 180    31.686 56435.08820120 28.39 150.736947  66.069536 15.395 -100.00 -100.00 -100.00
 180    30.084 56435.08820179 31.42 150.743392  66.069324 27.553 -100.00 -100.00 -100.00
 181    29.160 56445.00385346 50.01 150.739931  66.069726   -100 -100.00 -100.00 -100.00
 181    29.107 56445.00385405 49.91 150.746376  66.069513   -100 -100.00 -100.00 -100.00
 182    31.602 56454.91950312 32.42 150.741426  66.070619 30.088 -100.00 -100.00 -100.00
 182    29.538 56454.91950372 35.38 150.747872  66.070407 32.362 -100.00 -100.00 -100.00
 183    31.860 56464.83514941 24.64 150.737843  66.070413 12.899 -100.00 -100.00 -100.00
 183    31.776 56464.83515000 27.18 150.744288  66.070200 16.753 -100.00 -100.00 -100.00
 184    27.309 56474.75079257 40.97 150.739419  66.068531   -100 -100.00 -100.00 -100.00
 184    27.092 56474.75079316 47.94 150.745864  66.068318   -100 -100.00 -100.00 -100.00
 185    26.822 56484.66643162 37.44 150.733517  66.066466   -100 -100.00 -100.00 -100.00
 185    26.604 56484.66643221 35.42 150.739961  66.066254   -100 -100.00 -100.00 -100.00
 185    26.716 56484.66643280 36.30 150.746404  66.066041   -100 -100.00 -100.00 -100.00
 186    26.744 56494.58206847 30.38 150.737845  66.065690 29.582 -100.00 -100.00 -100.00
 186    26.793 56494.58206906 30.57 150.744289  66.065478 29.901 -100.00 -100.00 -100.00
 186    26.462 56494.58206965 32.26 150.750732  66.065265 32.000 -100.00 -100.00 -100.00
 187    26.946 56504.49770277 33.57 150.736359  66.067338   -100 -100.00 -100.00 -100.00
 187    26.613 56504.49770336 31.84 150.742803  66.067126   -100 -100.00 -100.00 -100.00
 187    30.724 56504.49770395 30.72 150.749247  66.066914 24.530 -100.00 -100.00 -100.00
 188    28.786 56514.41333574 43.57 150.737852  66.069658   -100 -100.00 -100.00 -100.00
 188    28.909 56514.41333633 42.79 150.744297  66.069446   -100 -100.00 -100.00 -100.00
 189    31.474 56524.32898745 26.10 150.737784  66.070339 17.448 -100.00 -100.00 -100.00
 189    31.782 56524.32898804 25.51 150.744229  66.070127 13.625 -100.00 -100.00 -100.00
 190    32.330 56534.24463860 48.06 150.735104  66.069081  6.175 -100.00 -100.00 -100.00
 190    32.357 56534.24463919 51.42 150.741550  66.068870 16.055 -100.00 -100.00 -100.00
 190    32.332 56534.24463978 48.12 150.747995  66.068657  9.131 -100.00 -100.00 -100.00
 192    31.478 56554.07593088 23.93 150.735697  66.066890 11.608 -100.00 -100.00 -100.00
 192    31.491 56554.07593147 23.38 150.742143  66.066678 10.750 -100.00 -100.00 -100.00
 192    31.482 56554.07593206 23.54 150.748588  66.066466 10.045 -100.00 -100.00 -100.00
 193    31.992 56563.99157353 30.02 150.734706  66.068792 14.188 -100.00 -100.00 -100.00
 193    31.852 56563.99157412 29.44 150.741151  66.068580 12.496 -100.00 -100.00 -100.00
 193    31.426 56563.99157471 33.17 150.747597  66.068368 23.112 -100.00 -100.00 -100.00
 194    24.442 56573.90721558 42.93 150.741437  66.071099 30.763 -100.00 -100.00 -100.00
 194    24.485 56573.90721617 44.52 150.747883  66.070886   -100 -100.00 -100.00 -100.00
 195    31.399 56583.82285450 31.68 150.741243  66.072427 12.243 -100.00 -100.00 -100.00
 195    24.635 56583.82285509 35.38 150.747689  66.072215 25.028 -100.00 -100.00 -100.00
 197    31.414 56603.65414172 25.56 150.737828  66.070113  6.859 -100.00 -100.00 -100.00
 197    31.741 56603.65414231 25.76 150.744274  66.069901  6.920 -100.00 -100.00 -100.00
 198    31.582 56613.56979060 24.01 150.739269  66.069007  5.349 -100.00 -100.00 -100.00
 198    31.495 56613.56979119 23.86 150.745714  66.068794  4.741 -100.00 -100.00 -100.00
 199    31.670 56623.48543506 23.58 150.737424  66.069578  5.934 -100.00 -100.00 -100.00
 199    31.736 56623.48543565 23.01 150.743870  66.069366  4.854 -100.00 -100.00 -100.00
 200    31.958 56633.40107669 22.60 150.735783  66.070398  5.834 -100.00 -100.00 -100.00
 200    31.593 56633.40107728 21.48 150.742229  66.070186  4.187 -100.00 -100.00 -100.00
 201    31.700 56643.31671384 21.55 150.736135  66.070440  3.733 -100.00 -100.00 -100.00
 201    31.537 56643.31671443 22.22 150.742581  66.070228  4.928 -100.00 -100.00 -100.00
 202    31.824 56653.23236537 21.58 150.738256  66.068633  4.058 -100.00 -100.00 -100.00
 202    31.610 56653.23236596 22.18 150.744702  66.068421  5.372 -100.00 -100.00 -100.00
 203    31.388 56663.14801425 20.48 150.734636  66.066720  3.802 -100.00 -100.00 -100.00
 203    31.310 56663.14801484 20.48 150.741082  66.066508  3.661 -100.00 -100.00 -100.00
 203    31.490 56663.14801543 20.34 150.747527  66.066295  4.110 -100.00 -100.00 -100.00
 204    31.162 56673.06366110 21.72 150.739323  66.065747  5.746 -100.00 -100.00 -100.00
 204    31.566 56673.06366169 20.47 150.745768  66.065535  4.094 -100.00 -100.00 -100.00
 204    31.607 56673.06366228 20.58 150.752213  66.065322  3.675 -100.00 -100.00 -100.00
 205    31.276 56682.97930575 19.91 150.735712  66.067328  3.860 -100.00 -100.00 -100.00
 205    31.270 56682.97930634 21.15 150.742157  66.067116  5.208 -100.00 -100.00 -100.00
 205    31.622 56682.97930693 20.41 150.748602  66.066903  4.039 -100.00 -100.00 -100.00
 206    31.493 56692.89494897 19.28 150.739459  66.069099  4.032 -100.00 -100.00 -100.00
 206    31.757 56692.89494956 18.93 150.745904  66.068887  3.756 -100.00 -100.00 -100.00
 207    31.617 56702.81058771 19.29 150.739467  66.070112  4.114 -100.00 -100.00 -100.00
 207    31.612 56702.81058830 19.00 150.745912  66.069900  3.434 -100.00 -100.00 -100.00
 208    31.740 56712.72622134 19.11 150.739399  66.069178  4.932 -100.00 -100.00 -100.00
 208    31.502 56712.72622193 19.73 150.745844  66.068966  5.249 -100.00 -100.00 -100.00
 210    32.094 56732.55751922 19.64 150.734215  66.067542  4.816 -100.00 -100.00 -100.00
 210    32.046 56732.55751981 19.16 150.740659  66.067330  4.282 -100.00 -100.00 -100.00
 210    31.513 56732.55752040 18.98 150.747104  66.067118  3.854 -100.00 -100.00 -100.00
 211    31.393 56742.47316667 18.24 150.733810  66.069288  4.988 -100.00 -100.00 -100.00
 211    31.772 56742.47316726 17.84 150.740255  66.069076  3.898 -100.00 -100.00 -100.00
 211    31.449 56742.47316785 17.73 150.746700  66.068864  3.601 -100.00 -100.00 -100.00
 212    31.408 56752.38881041 18.97 150.740404  66.071329  6.210 -100.00 -100.00 -100.00
 212    31.606 56752.38881100 17.80 150.746849  66.071116  3.704 -100.00 -100.00 -100.00
 213    31.886 56762.30444835 15.97 150.740728  66.072455  4.390 -100.00 -100.00 -100.00
 213    31.893 56762.30444894 15.95 150.747174  66.072243  4.215 -100.00 -100.00 -100.00
 214    31.774 56772.22007956  9.34 150.742298  66.071765  3.198 -100.00 -100.00 -100.00
 214    31.925 56772.22008015  9.53 150.748744  66.071553  3.162 -100.00 -100.00 -100.00
 215    31.347 56782.13573674  8.23 150.738698  66.070155  4.860 -100.00 -100.00 -100.00
 215    24.219 56782.13573733 11.54 150.745144  66.069943  9.382 -100.00 -100.00 -100.00
 216    24.733 56792.05139065 15.06 150.733996  66.069173 13.569 -100.00 -100.00 -100.00
 216    24.609 56792.05139124 16.02 150.740441  66.068960 15.465 -100.00 -100.00 -100.00
 216    27.692 56792.05139183 13.08 150.746887  66.068748  9.380 -100.00 -100.00 -100.00
 217    25.175 56801.96704239 40.94 150.737463  66.069106   -100 -100.00 -100.00 -100.00
 217    25.009 56801.96704298 42.18 150.743908  66.068894   -100 -100.00 -100.00 -100.00
 218    34.231 56811.88268626 35.63 150.736327  66.069803 19.294 -100.00 -100.00 -100.00
 218    33.924 56811.88268685 36.32 150.742772  66.069591 20.696 -100.00 -100.00 -100.00
 219    32.560 56821.79832628 32.01 150.738066  66.069726 16.726 -100.00 -100.00 -100.00
 219    32.796 56821.79832687 32.02 150.744511  66.069514 17.247 -100.00 -100.00 -100.00
 221    28.246 56841.62959430 34.45 150.737576  66.067164   -100 -100.00 -100.00 -100.00
 221    27.864 56841.62959489 34.81 150.744020  66.066952   -100 -100.00 -100.00 -100.00
 221    30.830 56841.62959548 32.63 150.750463  66.066740 24.028 -100.00 -100.00 -100.00
 222    28.663 56851.54523213 34.99 150.738028  66.066784   -100 -100.00 -100.00 -100.00
 222    28.971 56851.54523272 33.75 150.744472  66.066572 25.765 -100.00 -100.00 -100.00
 222    28.881 56851.54523331 34.36 150.750916  66.066360 29.144 -100.00 -100.00 -100.00
 223    27.900 56861.46088659 46.63 150.739651  66.067655   -100 -100.00 -100.00 -100.00
 223    27.604 56861.46088718 44.44 150.746095  66.067442  5.827 -100.00 -100.00 -100.00
 224    30.535 56871.37653968 50.87 150.733451  66.069362 17.000 -100.00 -100.00 -100.00
 224    30.662 56871.37654027 51.50 150.739896  66.069150   -100 -100.00 -100.00 -100.00
 224    30.418 56871.37654086 53.60 150.746341  66.068937   -100 -100.00 -100.00 -100.00
 225    28.632 56881.29219063 35.00 150.735554  66.069885 22.570 -100.00 -100.00 -100.00
 225    28.986 56881.29219122 33.38 150.742000  66.069673 17.426 -100.00 -100.00 -100.00
 225    28.887 56881.29219181 39.62 150.748445  66.069460 32.704 -100.00 -100.00 -100.00
 226    31.617 56891.20783802 25.22 150.738875  66.069243 15.165 -100.00 -100.00 -100.00
 226    28.910 56891.20783861 30.45 150.745321  66.069030 31.704 -100.00 -100.00 -100.00
 227    25.457 56901.12348181 48.70 150.734739  66.068370   -100 -100.00 -100.00 -100.00
 227    25.269 56901.12348240 46.46 150.741185  66.068157 21.896 -100.00 -100.00 -100.00
 227    25.312 56901.12348299 48.94 150.747630  66.067945   -100 -100.00 -100.00 -100.00
 228    28.898 56911.03912399 31.50 150.735088  66.068653 32.760 -100.00 -100.00 -100.00
 228    28.633 56911.03912458 30.45 150.741533  66.068440 28.716 -100.00 -100.00 -100.00
 228    28.713 56911.03912517 31.95 150.747979  66.068228 31.244 -100.00 -100.00 -100.00
 229    24.625 56920.95476478 35.05 150.737660  66.069902   -100 -100.00 -100.00 -100.00
 229    25.045 56920.95476537 38.97 150.744105  66.069689   -100 -100.00 -100.00 -100.00
 230    25.307 56930.87040359 39.75 150.742315  66.071460   -100 -100.00 -100.00 -100.00
 230    25.289 56930.87040418 43.13 150.748761  66.071248  1.691 -100.00 -100.00 -100.00
 231    31.584 56940.78603684 37.63 150.740765  66.072112   -100 -100.00 -100.00 -100.00
 231    31.393 56940.78603743 34.67 150.747211  66.071900 24.319 -100.00 -100.00 -100.00
 232    23.839 56950.70167646 42.09 150.740806  66.071474   -100 -100.00 -100.00 -100.00
 232    23.817 56950.70167705 43.53 150.747252  66.071261   -100 -100.00 -100.00 -100.00
 233    30.415 56960.61732784 24.73 150.737065  66.070205  8.705 -100.00 -100.00 -100.00
 233    29.924 56960.61732843 23.44 150.743510  66.069993  6.712 -100.00 -100.00 -100.00
 234    23.973 56970.53297470 26.21 150.738759  66.069354 17.558 -100.00 -100.00 -100.00
 234    31.438 56970.53297529 21.91 150.745204  66.069142  9.345 -100.00 -100.00 -100.00
 235    30.445 56980.44861703 20.41 150.734587  66.069448  7.859 -100.00 -100.00 -100.00
 235    24.201 56980.44861762 24.80 150.741032  66.069236 15.873 -100.00 -100.00 -100.00
 235    29.184 56980.44861821 21.27 150.747477  66.069024  9.811 -100.00 -100.00 -100.00
 236    32.056 56990.36425524 20.07 150.733806  66.069674  7.755 -100.00 -100.00 -100.00
 236    31.498 56990.36425583 19.15 150.740251  66.069462  6.653 -100.00 -100.00 -100.00
 236    31.592 56990.36425642 18.09 150.746696  66.069250  4.899 -100.00 -100.00 -100.00
 237    31.313 57000.27988769 17.57 150.738953  66.069222  4.848 -100.00 -100.00 -100.00
 237    31.416 57000.27988828 17.70 150.745398  66.069010  4.393 -100.00 -100.00 -100.00
 238    30.281 57010.19554231 22.22 150.735434  66.068396 10.461 -100.00 -100.00 -100.00
 238    31.318 57010.19554290 19.31 150.741880  66.068184  6.464 -100.00 -100.00 -100.00
 238    31.573 57010.19554350 18.11 150.748325  66.067972  4.073 -100.00 -100.00 -100.00
 239    31.335 57020.11119481 17.78 150.739276  66.067259  4.367 -100.00 -100.00 -100.00
 239    31.308 57020.11119540 17.96 150.745721  66.067046  4.842 -100.00 -100.00 -100.00
 240    31.392 57030.02684370 17.44 150.736392  66.067343  4.131 -100.00 -100.00 -100.00
 240    31.401 57030.02684429 17.96 150.742837  66.067131  5.108 -100.00 -100.00 -100.00
 240    31.545 57030.02684488 17.08 150.749282  66.066919  4.074 -100.00 -100.00 -100.00
 241    31.295 57039.94249096 17.81 150.734628  66.068164  4.791 -100.00 -100.00 -100.00
 241    31.281 57039.94249155 18.07 150.741073  66.067952  4.422 -100.00 -100.00 -100.00
 241    31.493 57039.94249214 17.31 150.747518  66.067739  3.739 -100.00 -100.00 -100.00
 242    31.121 57049.85813609 17.59 150.733701  66.069216  5.086 -100.00 -100.00 -100.00
 242    31.906 57049.85813668 17.02 150.740147  66.069003  3.625 -100.00 -100.00 -100.00
 242    31.453 57049.85813727 17.35 150.746592  66.068791  4.151 -100.00 -100.00 -100.00
 243    31.381 57059.77377773 17.65 150.738591  66.069420  4.420 -100.00 -100.00 -100.00
 243    31.621 57059.77377832 17.55 150.745036  66.069208  4.551 -100.00 -100.00 -100.00
 244    32.084 57069.68941280 18.29 150.733496  66.069416  6.132 -100.00 -100.00 -100.00
 244    31.236 57069.68941339 16.99 150.739941  66.069204  4.538 -100.00 -100.00 -100.00
 244    31.397 57069.68941398 17.36 150.746386  66.068992  4.595 -100.00 -100.00 -100.00
 245    31.104 57079.60504430 17.45 150.736905  66.069253  5.968 -100.00 -100.00 -100.00
 245    31.447 57079.60504489 17.01 150.743350  66.069042  4.833 -100.00 -100.00 -100.00
 246    32.118 57089.52068253 16.65 150.739063  66.069902  4.768 -100.00 -100.00 -100.00
 246    31.658 57089.52068312 16.62 150.745508  66.069690  4.322 -100.00 -100.00 -100.00
 247    31.444 57099.43634051 17.17 150.738440  66.071051  5.660 -100.00 -100.00 -100.00
 247    31.642 57099.43634110 16.28 150.744886  66.070839  3.790 -100.00 -100.00 -100.00
 250    31.862 57129.18328920 14.88 150.740963  66.070360  4.391 -100.00 -100.00 -100.00
 250    31.767 57129.18328979 14.67 150.747408  66.070148  3.928 -100.00 -100.00 -100.00
 251    31.449 57139.09892693 14.38 150.735206  66.069811  4.121 -100.00 -100.00 -100.00
 251    31.487 57139.09892753 14.59 150.741652  66.069599  4.333 -100.00 -100.00 -100.00
 251    31.706 57139.09892812 14.51 150.748097  66.069387  4.128 -100.00 -100.00 -100.00
 252    24.402 57149.01456165 18.15 150.736692  66.069879 16.126 -100.00 -100.00 -100.00
 252    24.390 57149.01456224 20.12 150.743137  66.069667 23.526 -100.00 -100.00 -100.00
 253    31.216 57158.93019337 21.63 150.735425  66.070247 18.248 -100.00 -100.00 -100.00
 253    31.512 57158.93019396 20.18 150.741870  66.070035 14.530 -100.00 -100.00 -100.00
 253    31.584 57158.93019455 17.74 150.748316  66.069823  9.567 -100.00 -100.00 -100.00
 254    25.952 57168.84584295 34.90 150.734036  66.069785 24.990 -100.00 -100.00 -100.00
 254    25.872 57168.84584354 38.18 150.740481  66.069573   -100 -100.00 -100.00 -100.00
 254    29.691 57168.84584413 39.71 150.746926  66.069361   -100 -100.00 -100.00 -100.00
 255    29.888 57178.76149904 53.77 150.735289  66.068572   -100 -100.00 -100.00 -100.00
 255    30.081 57178.76149963 51.78 150.741733  66.068360   -100 -100.00 -100.00 -100.00
 255    29.836 57178.76150023 53.51 150.748178  66.068148   -100 -100.00 -100.00 -100.00
 256    29.495 57188.67715115 34.01 150.737619  66.067382   -100 -100.00 -100.00 -100.00
 256    29.338 57188.67715174 32.07 150.744063  66.067170   -100 -100.00 -100.00 -100.00
 257    29.415 57198.59279872 38.45 150.733651  66.067483   -100 -100.00 -100.00 -100.00
 257    29.351 57198.59279931 40.02 150.740095  66.067271   -100 -100.00 -100.00 -100.00
 257    29.275 57198.59279990 42.79 150.746539  66.067058   -100 -100.00 -100.00 -100.00
 258    25.699 57208.50843306 53.77 150.734740  66.068312   -100 -100.00 -100.00 -100.00
 258    25.640 57208.50843365 44.03 150.741184  66.068100 16.346 -100.00 -100.00 -100.00
 258    25.787 57208.50843424 44.68 150.747628  66.067887  0.628 -100.00 -100.00 -100.00
 259    31.781 57218.42407764 23.03 150.737030  66.069198 10.383 -100.00 -100.00 -100.00
 259    31.775 57218.42407823 24.88 150.743475  66.068986 14.438 -100.00 -100.00 -100.00
 260    31.636 57228.33972125 26.66 150.739397  66.069340 18.559 -100.00 -100.00 -100.00
 260    31.322 57228.33972184 26.58 150.745842  66.069128 17.491 -100.00 -100.00 -100.00
 261    25.736 57238.25536245 35.28 150.739033  66.069121 32.000 -100.00 -100.00 -100.00
 261    25.929 57238.25536304 39.11 150.745478  66.068908   -100 -100.00 -100.00 -100.00
 262    31.399 57248.17099995 28.13 150.733718  66.069156 22.392 -100.00 -100.00 -100.00
 262    31.454 57248.17100054 26.59 150.740163  66.068944 16.085 -100.00 -100.00 -100.00
 262    31.445 57248.17100113 27.53 150.746608  66.068732 16.226 -100.00 -100.00 -100.00
 263    25.994 57258.08663553 39.63 150.734820  66.069764   -100 -100.00 -100.00 -100.00
 263    26.407 57258.08663612 42.57 150.741265  66.069552   -100 -100.00 -100.00 -100.00
 263    26.684 57258.08663671 42.06 150.747711  66.069340   -100 -100.00 -100.00 -100.00
 264    31.720 57268.00226997 27.34 150.736925  66.071115 16.416 -100.00 -100.00 -100.00
 264    31.638 57268.00227056 26.03 150.743371  66.070903 12.737 -100.00 -100.00 -100.00
 265    25.603 57277.91791874 50.79 150.741866  66.072082 28.011 -100.00 -100.00 -100.00
 265    25.695 57277.91791933 50.72 150.748312  66.071870 15.600 -100.00 -100.00 -100.00
 266    31.644 57287.83357496 26.48 150.741252  66.072051 19.288 -100.00 -100.00 -100.00
 266    31.665 57287.83357556 26.65 150.747698  66.071839 16.269 -100.00 -100.00 -100.00
 267   111.956 57297.74922807  1.30 150.737719  66.071004  3.549 -100.00 -100.00 -100.00
 267    99.019 57297.74922866  2.94 150.744164  66.070792  4.568 -100.00 -100.00 -100.00
 268    24.176 57307.66487801 47.32 150.739056  66.069517   -100 -100.00 -100.00 -100.00
 268    24.134 57307.66487860 47.32 150.745501  66.069305   -100 -100.00 -100.00 -100.00
 269    30.302 57317.58052356 33.35 150.733332  66.069199 19.875 -100.00 -100.00 -100.00
 269    30.053 57317.58052415 29.51 150.739776  66.068987 10.504 -100.00 -100.00 -100.00
 269    31.315 57317.58052475 31.17 150.746221  66.068775 15.149 -100.00 -100.00 -100.00
 270    30.425 57327.49616660 27.58 150.735416  66.069487 13.074 -100.00 -100.00 -100.00
 270    31.162 57327.49616719 26.52 150.741861  66.069275 10.443 -100.00 -100.00 -100.00
 270    31.469 57327.49616778 25.50 150.748306  66.069062  8.764 -100.00 -100.00 -100.00
 271    30.100 57337.41180757 24.90 150.738641  66.070063 10.718 -100.00 -100.00 -100.00
 271    28.596 57337.41180816 26.95 150.745087  66.069851 14.285 -100.00 -100.00 -100.00
 272    30.714 57347.32745510 22.17 150.735009  66.069625  6.547 -100.00 -100.00 -100.00
 272    31.562 57347.32745569 21.81 150.741455  66.069412  6.354 -100.00 -100.00 -100.00
 272    31.489 57347.32745628 20.51 150.747900  66.069200  4.893 -100.00 -100.00 -100.00
 273    31.304 57357.24310194 20.62 150.736119  66.068060  4.843 -100.00 -100.00 -100.00
 273    31.284 57357.24310253 21.04 150.742564  66.067848  5.167 -100.00 -100.00 -100.00
 273    31.669 57357.24310312 20.72 150.749009  66.067635  5.248 -100.00 -100.00 -100.00
 274    31.375 57367.15874499 21.10 150.733498  66.066775  5.224 -100.00 -100.00 -100.00
 274    31.210 57367.15874558 20.32 150.739943  66.066563  3.923 -100.00 -100.00 -100.00
 274    31.474 57367.15874618 20.66 150.746388  66.066350  4.696 -100.00 -100.00 -100.00
 275    31.096 57377.07438534 21.71 150.735595  66.066838  6.356 -100.00 -100.00 -100.00
 275    31.288 57377.07438593 20.90 150.742041  66.066626  4.774 -100.00 -100.00 -100.00
 275    31.484 57377.07438652 20.24 150.748486  66.066413  4.765 -100.00 -100.00 -100.00
 276    32.092 57386.99002360 20.66 150.735056  66.068497  4.900 -100.00 -100.00 -100.00
 276    31.298 57386.99002419 20.67 150.741502  66.068285  5.401 -100.00 -100.00 -100.00
 276    31.415 57386.99002478 20.22 150.747948  66.068073  4.179 -100.00 -100.00 -100.00
 277    31.263 57396.90566122 18.09 150.734995  66.070017  4.279 -100.00 -100.00 -100.00
 277    31.376 57396.90566181 18.52 150.741441  66.069805  4.895 -100.00 -100.00 -100.00
 277    31.419 57396.90566240 18.42 150.747887  66.069592  5.395 -100.00 -100.00 -100.00
 278    31.203 57406.82129822 18.94 150.741152  66.070201  5.523 -100.00 -100.00 -100.00
 278    31.624 57406.82129881 19.26 150.747598  66.069989  4.826 -100.00 -100.00 -100.00
 279    31.885 57416.73694894 19.15 150.736350  66.069338  5.863 -100.00 -100.00 -100.00
 279    31.561 57416.73694953 19.24 150.742795  66.069127  6.096 -100.00 -100.00 -100.00
 280    31.192 57426.65260008 18.40 150.737317  66.068611  4.781 -100.00 -100.00 -100.00
 280    31.422 57426.65260067 18.62 150.743761  66.068399  4.955 -100.00 -100.00 -100.00
 281    31.287 57436.56824807 16.21 150.735758  66.069382  3.720 -100.00 -100.00 -100.00
 281    31.385 57436.56824867 16.73 150.742203  66.069170  4.723 -100.00 -100.00 -100.00
 281    31.565 57436.56824926 17.75 150.748648  66.068958  5.869 -100.00 -100.00 -100.00
 283    32.002 57456.39954075 17.66 150.741727  66.072553  5.997 -100.00 -100.00 -100.00
 283    31.440 57456.39954134 18.38 150.748173  66.072341  6.490 -100.00 -100.00 -100.00
 284    31.644 57466.31518410 16.95 150.741497  66.072291  4.648 -100.00 -100.00 -100.00
 284    31.545 57466.31518469 17.02 150.747943  66.072079  5.015 -100.00 -100.00 -100.00
 285    31.967 57476.23082340 17.16 150.739223  66.070456  5.435 -100.00 -100.00 -100.00
 285    31.602 57476.23082399 17.08 150.745669  66.070243  5.879 -100.00 -100.00 -100.00
 286    31.049 57486.14645916 16.77 150.734624  66.068747  5.231 -100.00 -100.00 -100.00
 286    31.194 57486.14645975 16.78 150.741070  66.068535  5.722 -100.00 -100.00 -100.00
 286    31.550 57486.14646034 16.15 150.747515  66.068323  4.728 -100.00 -100.00 -100.00
 287    30.715 57496.06209290 17.60 150.734798  66.068509  6.139 -100.00 -100.00 -100.00
 287    31.187 57496.06209349 17.57 150.741243  66.068297  7.168 -100.00 -100.00 -100.00
 287    31.356 57496.06209408 17.97 150.747688  66.068085  6.667 -100.00 -100.00 -100.00
 288    31.735 57505.97772825 16.94 150.739314  66.069805  6.202 -100.00 -100.00 -100.00
 288    31.624 57505.97772884 15.40 150.745760  66.069593  3.968 -100.00 -100.00 -100.00
 289    23.379 57515.89338478 21.95 150.741162  66.070593 20.648 -100.00 -100.00 -100.00
 289    31.534 57515.89338537 17.16 150.747607  66.070381  8.564 -100.00 -100.00 -100.00
 290    30.106 57525.80903800 42.35 150.734748  66.070091   -100 -100.00 -100.00 -100.00
 290    30.150 57525.80903859 45.06 150.741193  66.069879   -100 -100.00 -100.00 -100.00
 290    30.030 57525.80903918 45.63 150.747638  66.069667  7.224 -100.00 -100.00 -100.00
 291    28.887 57535.72468980 51.85 150.738952  66.067824 16.600 -100.00 -100.00 -100.00
 291    29.030 57535.72469039 52.80 150.745396  66.067611   -100 -100.00 -100.00 -100.00
 292    27.903 57545.64033789 29.22 150.733703  66.066367 25.237 -100.00 -100.00 -100.00
 292    28.402 57545.64033848 28.65 150.740147  66.066155 21.649 -100.00 -100.00 -100.00
 292    31.727 57545.64033907 25.34 150.746591  66.065943 12.075 -100.00 -100.00 -100.00
 293    25.243 57555.55598448 50.15 150.733852  66.066683  4.170 -100.00 -100.00 -100.00
 293    25.140 57555.55598507 57.09 150.740296  66.066471   -100 -100.00 -100.00 -100.00
 293    25.253 57555.55598566 52.85 150.746739  66.066258 15.919 -100.00 -100.00 -100.00
 294    25.035 57565.47162960 50.86 150.733859  66.068699 22.376 -100.00 -100.00 -100.00
 294    24.850 57565.47163019 53.93 150.740303  66.068487   -100 -100.00 -100.00 -100.00
 294    24.875 57565.47163078 53.94 150.746748  66.068275   -100 -100.00 -100.00 -100.00
 295    24.848 57575.38727419 39.71 150.735853  66.070327  3.836 -100.00 -100.00 -100.00
 295    28.240 57575.38727478 31.32 150.742298  66.070114 32.651 -100.00 -100.00 -100.00
 296    24.991 57585.30291837 35.11 150.741035  66.070351 24.615 -100.00 -100.00 -100.00
 296    25.004 57585.30291896 38.26 150.747481  66.070139   -100 -100.00 -100.00 -100.00
 297    27.736 57595.21855983 43.08 150.739402  66.069480   -100 -100.00 -100.00 -100.00
 297    27.795 57595.21856043 43.81 150.745847  66.069268   -100 -100.00 -100.00 -100.00
