# NaN NaN NaN ;Mean Elev.(m), Avg Gradient(m/km), RMS Gradient(m/km) - SRTM1     
#   14.408  -0.367  11.030 ;Mean Elev.(m), Avg Gradient(m/km), RMS Gradient(m/km) - ASTER GDEM
#   36.206  -0.889   3.029 ;Mean Elev.(m), Avg Gradient(m/km), RMS Gradient(m/km) - GMTED2010 
   1    30.569 54665.10563912 40.91 150.766099  65.839516   -100 -100.00 -100.00 -100.00
   1    30.425 54665.10563971 44.12 150.772426  65.839934   -100 -100.00 -100.00 -100.00
   1    30.522 54665.10564030 43.24 150.778753  65.840352   -100 -100.00 -100.00 -100.00
   1    30.604 54665.10564089 48.09 150.785081  65.840769  2.261 -100.00 -100.00 -100.00
   2    29.848 54675.02128432 40.58 150.770884  65.841048   -100 -100.00 -100.00 -100.00
   2    29.548 54675.02128491 43.72 150.777212  65.841466   -100 -100.00 -100.00 -100.00
   2    29.940 54675.02128550 42.62 150.783540  65.841883   -100 -100.00 -100.00 -100.00
   2    30.044 54675.02128609 41.39 150.789868  65.842300   -100 -100.00 -100.00 -100.00
   4    30.265 54694.85256946 44.00 150.770758  65.843518   -100 -100.00 -100.00 -100.00
   4    30.481 54694.85257005 46.66 150.777087  65.843936   -100 -100.00 -100.00 -100.00
   4    30.228 54694.85257064 49.14 150.783415  65.844353  3.578 -100.00 -100.00 -100.00
   4    30.362 54694.85257123 47.99 150.789743  65.844771   -100 -100.00 -100.00 -100.00
   6    29.632 54714.68386003 37.99 150.771669  65.840186   -100 -100.00 -100.00 -100.00
   6    29.697 54714.68386062 36.52 150.777996  65.840603   -100 -100.00 -100.00 -100.00
   6    29.912 54714.68386121 41.91 150.784323  65.841021  0.046 -100.00 -100.00 -100.00
   8    31.074 54734.51515803 43.77 150.766446  65.837453   -100 -100.00 -100.00 -100.00
   8    31.117 54734.51515862 42.61 150.772772  65.837871   -100 -100.00 -100.00 -100.00
   8    30.713 54734.51515921 37.51 150.779099  65.838288   -100 -100.00 -100.00 -100.00
   8    35.154 54734.51515980 32.25 150.785425  65.838705 22.795 -100.00 -100.00 -100.00
   9    30.829 54744.43080520 43.40 150.767101  65.839200   -100 -100.00 -100.00 -100.00
   9    30.622 54744.43080579 45.76 150.773428  65.839617   -100 -100.00 -100.00 -100.00
   9    30.691 54744.43080638 48.95 150.779755  65.840035   -100 -100.00 -100.00 -100.00
   9    30.784 54744.43080697 50.92 150.786082  65.840452   -100 -100.00 -100.00 -100.00
  10    29.040 54754.34645181 38.41 150.766113  65.840655 32.487 -100.00 -100.00 -100.00
  10    29.473 54754.34645240 39.75 150.772440  65.841073 27.706 -100.00 -100.00 -100.00
  10    29.773 54754.34645299 43.01 150.778768  65.841490 28.179 -100.00 -100.00 -100.00
  10    29.593 54754.34645359 45.01 150.785096  65.841907   -100 -100.00 -100.00 -100.00
  12    31.442 54774.17774090 29.07 150.769902  65.838332 13.307 -100.00 -100.00 -100.00
  12    34.400 54774.17774149 25.55 150.776230  65.838749  6.434 -100.00 -100.00 -100.00
  12    31.380 54774.17774208 27.17 150.782557  65.839166  8.040 -100.00 -100.00 -100.00
  12    33.938 54774.17774267 26.56 150.788885  65.839583  7.329 -100.00 -100.00 -100.00
  13    34.388 54784.09338139 21.47 150.771389  65.836564  3.559 -100.00 -100.00 -100.00
  13    34.591 54784.09338198 22.17 150.777716  65.836982  4.544 -100.00 -100.00 -100.00
  13    34.325 54784.09338257 22.27 150.784043  65.837399  3.661 -100.00 -100.00 -100.00
  14    34.538 54794.00902008 20.44 150.773867  65.836891  2.865 -100.00 -100.00 -100.00
  14    34.867 54794.00902067 20.51 150.780194  65.837309  2.845 -100.00 -100.00 -100.00
  14    34.921 54794.00902126 21.06 150.786522  65.837726  2.957 -100.00 -100.00 -100.00
  15    34.059 54803.92465701 20.05 150.766688  65.838415  2.464 -100.00 -100.00 -100.00
  15    34.651 54803.92465760 20.30 150.773015  65.838832  2.760 -100.00 -100.00 -100.00
  15    34.821 54803.92465819 20.82 150.779343  65.839250  3.083 -100.00 -100.00 -100.00
  15    34.949 54803.92465878 20.92 150.785671  65.839667  2.802 -100.00 -100.00 -100.00
  16    33.753 54813.84029456 19.98 150.770490  65.840326  2.696 -100.00 -100.00 -100.00
  16    34.481 54813.84029515 20.78 150.776817  65.840744  4.084 -100.00 -100.00 -100.00
  16    34.807 54813.84029574 20.44 150.783145  65.841161  2.901 -100.00 -100.00 -100.00
  16    35.089 54813.84029633 21.03 150.789474  65.841579  3.155 -100.00 -100.00 -100.00
  17    33.995 54823.75593885 18.09 150.770455  65.840663  2.520 -100.00 -100.00 -100.00
  17    34.592 54823.75593944 18.51 150.776783  65.841081  3.171 -100.00 -100.00 -100.00
  17    34.539 54823.75594003 18.94 150.783111  65.841498  3.350 -100.00 -100.00 -100.00
  17    34.892 54823.75594062 19.20 150.789439  65.841915  3.446 -100.00 -100.00 -100.00
  18    34.632 54833.67157899 18.63 150.772012  65.840012  2.825 -100.00 -100.00 -100.00
  18    34.908 54833.67157958 19.18 150.778340  65.840430  3.064 -100.00 -100.00 -100.00
  18    35.092 54833.67158017 19.46 150.784667  65.840847  3.523 -100.00 -100.00 -100.00
  19    33.485 54843.58722893 18.60 150.771619  65.840031  2.775 -100.00 -100.00 -100.00
  19    34.523 54843.58722952 18.66 150.777947  65.840448  2.835 -100.00 -100.00 -100.00
  19    34.788 54843.58723012 18.98 150.784275  65.840866  2.722 -100.00 -100.00 -100.00
  20    33.633 54853.50287770 18.26 150.768913  65.841147  2.882 -100.00 -100.00 -100.00
  20    33.304 54853.50287829 18.71 150.775241  65.841565  3.345 -100.00 -100.00 -100.00
  20    33.882 54853.50287888 18.57 150.781569  65.841982  3.207 -100.00 -100.00 -100.00
  20    34.145 54853.50287947 19.03 150.787897  65.842399  2.870 -100.00 -100.00 -100.00
  21    33.380 54863.41852678 17.99 150.771873  65.843264  2.651 -100.00 -100.00 -100.00
  21    33.932 54863.41852737 18.48 150.778202  65.843681  2.898 -100.00 -100.00 -100.00
  21    34.515 54863.41852796 18.47 150.784530  65.844098  2.942 -100.00 -100.00 -100.00
  21    33.672 54863.41852855 18.86 150.790859  65.844514  3.021 -100.00 -100.00 -100.00
  22    33.435 54873.33417524 17.68 150.770226  65.843916  2.537 -100.00 -100.00 -100.00
  22    34.149 54873.33417583 18.30 150.776554  65.844334  3.487 -100.00 -100.00 -100.00
  22    34.131 54873.33417642 18.32 150.782883  65.844751  3.252 -100.00 -100.00 -100.00
  22    33.542 54873.33417701 18.57 150.789212  65.845167  3.141 -100.00 -100.00 -100.00
  23    33.949 54883.24982137 16.97 150.768959  65.842619  2.455 -100.00 -100.00 -100.00
  23    33.411 54883.24982196 17.53 150.775287  65.843037  2.936 -100.00 -100.00 -100.00
  23    34.233 54883.24982255 17.42 150.781616  65.843454  3.244 -100.00 -100.00 -100.00
  23    34.134 54883.24982315 17.79 150.787945  65.843871  3.573 -100.00 -100.00 -100.00
  24    33.313 54893.16546407 16.56 150.767525  65.839793  2.963 -100.00 -100.00 -100.00
  24    34.559 54893.16546466 16.62 150.773853  65.840211  3.183 -100.00 -100.00 -100.00
  24    34.494 54893.16546525 16.78 150.780181  65.840628  2.859 -100.00 -100.00 -100.00
  24    34.939 54893.16546584 17.09 150.786509  65.841045  3.049 -100.00 -100.00 -100.00
  25    34.311 54903.08110454 16.64 150.771432  65.837828  2.878 -100.00 -100.00 -100.00
  25    34.521 54903.08110513 16.69 150.777760  65.838245  2.779 -100.00 -100.00 -100.00
  25    35.094 54903.08110572 17.08 150.784088  65.838662  3.066 -100.00 -100.00 -100.00
  26    34.731 54912.99674314 15.03 150.768634  65.837597  2.821 -100.00 -100.00 -100.00
  26    34.773 54912.99674373 15.37 150.774962  65.838015  2.597 -100.00 -100.00 -100.00
  26    34.957 54912.99674432 15.84 150.781289  65.838432  3.525 -100.00 -100.00 -100.00
  26    35.024 54912.99674491 15.89 150.787617  65.838849  3.243 -100.00 -100.00 -100.00
  27    34.247 54922.91238129 15.47 150.769426  65.839197  2.724 -100.00 -100.00 -100.00
  27    34.619 54922.91238188 15.61 150.775754  65.839615  3.097 -100.00 -100.00 -100.00
  27    34.612 54922.91238247 15.70 150.782082  65.840032  3.504 -100.00 -100.00 -100.00
  27    35.166 54922.91238306 16.00 150.788410  65.840449  2.889 -100.00 -100.00 -100.00
  28    34.444 54932.82801829 15.73 150.766472  65.840258  3.076 -100.00 -100.00 -100.00
  28    34.617 54932.82801888 15.69 150.772799  65.840675  2.903 -100.00 -100.00 -100.00
  28    34.851 54932.82801947 15.96 150.779127  65.841092  2.751 -100.00 -100.00 -100.00
  28    34.988 54932.82802006 16.30 150.785455  65.841509  2.973 -100.00 -100.00 -100.00
  29    34.646 54942.74365421 14.57 150.771965  65.839976  4.310 -100.00 -100.00 -100.00
  29    34.758 54942.74365480 14.12 150.778293  65.840393  2.718 -100.00 -100.00 -100.00
  29    35.156 54942.74365539 14.05 150.784620  65.840811  3.036 -100.00 -100.00 -100.00
  30    32.406 54952.65928747 18.32 150.769594  65.837655 10.679 -100.00 -100.00 -100.00
  30    32.882 54952.65928806 16.96 150.775921  65.838073  7.814 -100.00 -100.00 -100.00
  30    33.143 54952.65928865 16.93 150.782247  65.838490  8.860 -100.00 -100.00 -100.00
  30    35.232 54952.65928924 13.43 150.788574  65.838907  4.456 -100.00 -100.00 -100.00
  31    31.211 54962.57493096 39.96 150.773231  65.836127 23.516 -100.00 -100.00 -100.00
  31    30.472 54962.57493155 42.98 150.779557  65.836545 18.068 -100.00 -100.00 -100.00
  31    30.505 54962.57493214 40.18 150.785883  65.836962   -100 -100.00 -100.00 -100.00
  32    92.363 54972.49057944 15.57 150.771892  65.836525 16.153 -100.00 -100.00 -100.00
  32    95.777 54972.49058003 19.42 150.778218  65.836943 17.504 -100.00 -100.00 -100.00
  32    98.990 54972.49058062 22.90 150.784544  65.837360 13.338 -100.00 -100.00 -100.00
  33    32.801 54982.40622670 43.81 150.767216  65.838221   -100 -100.00 -100.00 -100.00
  33    32.742 54982.40622729 48.17 150.773542  65.838639  1.214 -100.00 -100.00 -100.00
  33    32.504 54982.40622788 45.80 150.779869  65.839057   -100 -100.00 -100.00 -100.00
  33    32.592 54982.40622847 43.92 150.786196  65.839474   -100 -100.00 -100.00 -100.00
  35    31.052 55002.23752103 46.19 150.770532  65.841137   -100 -100.00 -100.00 -100.00
  35    31.182 55002.23752163 49.10 150.776860  65.841555   -100 -100.00 -100.00 -100.00
  35    31.361 55002.23752222 50.99 150.783188  65.841972   -100 -100.00 -100.00 -100.00
  35    31.217 55002.23752281 50.19 150.789516  65.842389   -100 -100.00 -100.00 -100.00
  36    30.269 55012.15316583 44.14 150.771109  65.840907   -100 -100.00 -100.00 -100.00
  36    30.220 55012.15316642 48.02 150.777437  65.841325   -100 -100.00 -100.00 -100.00
  36    30.318 55012.15316701 49.30 150.783765  65.841742  4.120 -100.00 -100.00 -100.00
  36    30.142 55012.15316760 51.41 150.790093  65.842159 12.665 -100.00 -100.00 -100.00
  37    30.205 55022.06880918 30.61 150.771742  65.840433 31.660 -100.00 -100.00 -100.00
  37    30.238 55022.06880977 29.11 150.778070  65.840850 22.761 -100.00 -100.00 -100.00
  37    35.467 55022.06881036 27.21 150.784398  65.841267 12.973 -100.00 -100.00 -100.00
  38    30.303 55031.98445124 42.61 150.767832  65.840870   -100 -100.00 -100.00 -100.00
  38    30.336 55031.98445183 46.33 150.774160  65.841287   -100 -100.00 -100.00 -100.00
  38    30.351 55031.98445242 49.30 150.780488  65.841704   -100 -100.00 -100.00 -100.00
  38    30.412 55031.98445301 51.18 150.786816  65.842121  2.491 -100.00 -100.00 -100.00
  39    29.391 55041.90009280 37.83 150.766024  65.841979   -100 -100.00 -100.00 -100.00
  39    29.433 55041.90009339 38.75 150.772352  65.842397   -100 -100.00 -100.00 -100.00
  39    29.566 55041.90009398 38.77 150.778680  65.842814   -100 -100.00 -100.00 -100.00
  39    29.590 55041.90009457 41.95 150.785008  65.843232   -100 -100.00 -100.00 -100.00
  40    29.470 55051.81573297 41.39 150.765955  65.842482   -100 -100.00 -100.00 -100.00
  40    29.636 55051.81573356 42.95 150.772283  65.842900   -100 -100.00 -100.00 -100.00
  40    29.882 55051.81573415 42.99 150.778611  65.843317   -100 -100.00 -100.00 -100.00
  40    29.886 55051.81573474 45.10 150.784939  65.843734   -100 -100.00 -100.00 -100.00
  41    29.596 55061.73137149 43.23 150.772134  65.841578   -100 -100.00 -100.00 -100.00
  41    29.748 55061.73137208 44.15 150.778462  65.841996   -100 -100.00 -100.00 -100.00
  41    29.660 55061.73137267 48.30 150.784789  65.842413  8.710 -100.00 -100.00 -100.00
  42    30.190 55071.64701421 36.81 150.771342  65.839147   -100 -100.00 -100.00 -100.00
  42    30.169 55071.64701480 33.09 150.777668  65.839565   -100 -100.00 -100.00 -100.00
  42    33.449 55071.64701539 35.09 150.783995  65.839982 30.862 -100.00 -100.00 -100.00
  43    34.974 55081.56266265 47.33 150.769267  65.837135   -100 -100.00 -100.00 -100.00
  43    34.966 55081.56266324 50.48 150.775593  65.837552   -100 -100.00 -100.00 -100.00
  43    35.026 55081.56266383 52.25 150.781919  65.837969   -100 -100.00 -100.00 -100.00
  43    34.656 55081.56266442 54.38 150.788246  65.838386 23.205 -100.00 -100.00 -100.00
  44    31.461 55091.47830976 43.89 150.769918  65.837195 27.875 -100.00 -100.00 -100.00
  44    31.286 55091.47831035 48.13 150.776244  65.837613   -100 -100.00 -100.00 -100.00
  44    31.176 55091.47831094 51.39 150.782570  65.838030   -100 -100.00 -100.00 -100.00
  44    30.875 55091.47831153 52.08 150.788897  65.838447 20.087 -100.00 -100.00 -100.00
  45    30.014 55101.39395628 40.97 150.769449  65.838717 27.938 -100.00 -100.00 -100.00
  45    29.875 55101.39395687 42.80 150.775775  65.839134   -100 -100.00 -100.00 -100.00
  45    29.874 55101.39395746 42.42 150.782103  65.839552   -100 -100.00 -100.00 -100.00
  45    29.945 55101.39395805 47.17 150.788430  65.839968   -100 -100.00 -100.00 -100.00
  46    29.103 55111.30960213 38.96 150.766200  65.840090   -100 -100.00 -100.00 -100.00
  46    29.612 55111.30960273 39.98 150.772527  65.840507 22.216 -100.00 -100.00 -100.00
  46    29.402 55111.30960332 40.69 150.778855  65.840924   -100 -100.00 -100.00 -100.00
  46    29.438 55111.30960391 42.73 150.785183  65.841341   -100 -100.00 -100.00 -100.00
  47    28.956 55121.22524668 38.01 150.771471  65.840215 26.234 -100.00 -100.00 -100.00
  47    29.146 55121.22524727 38.97 150.777799  65.840633 27.004 -100.00 -100.00 -100.00
  47    29.075 55121.22524786 40.74 150.784127  65.841050   -100 -100.00 -100.00 -100.00
  48    30.328 55131.14088747 35.27 150.767333  65.838121 23.707 -100.00 -100.00 -100.00
  48    30.418 55131.14088806 36.94 150.773660  65.838539 25.811 -100.00 -100.00 -100.00
  48    29.902 55131.14088865 41.31 150.779988  65.838956  1.832 -100.00 -100.00 -100.00
  48    29.991 55131.14088924 35.31 150.786316  65.839373   -100 -100.00 -100.00 -100.00
  49    34.328 55141.05652678 18.97 150.768660  65.836428  3.999 -100.00 -100.00 -100.00
  49    34.501 55141.05652737 20.67 150.774987  65.836846  5.961 -100.00 -100.00 -100.00
  49    34.888 55141.05652796 19.86 150.781315  65.837263  4.635 -100.00 -100.00 -100.00
  49    34.941 55141.05652855 20.80 150.787642  65.837680  6.537 -100.00 -100.00 -100.00
  50    34.656 55150.97216549 17.32 150.771077  65.836772  4.572 -100.00 -100.00 -100.00
  50    34.781 55150.97216608 18.13 150.777404  65.837189  5.311 -100.00 -100.00 -100.00
  50    34.749 55150.97216667 19.23 150.783732  65.837607  6.941 -100.00 -100.00 -100.00
  51    34.421 55160.88780416 15.89 150.772193  65.838655  3.211 -100.00 -100.00 -100.00
  51    34.376 55160.88780475 16.28 150.778521  65.839072  3.763 -100.00 -100.00 -100.00
  51    34.782 55160.88780534 16.66 150.784848  65.839490  4.223 -100.00 -100.00 -100.00
  52    34.310 55170.80344214 15.96 150.770228  65.840332  2.682 -100.00 -100.00 -100.00
  52    34.459 55170.80344273 16.28 150.776556  65.840750  2.660 -100.00 -100.00 -100.00
  52    34.734 55170.80344332 16.83 150.782884  65.841167  3.200 -100.00 -100.00 -100.00
  52    35.013 55170.80344391 17.00 150.789212  65.841584  3.145 -100.00 -100.00 -100.00
  53    34.373 55180.71907873 15.72 150.769310  65.840877  2.816 -100.00 -100.00 -100.00
  53    34.502 55180.71907932 16.11 150.775637  65.841294  3.398 -100.00 -100.00 -100.00
  53    34.641 55180.71907991 16.11 150.781965  65.841712  2.731 -100.00 -100.00 -100.00
  53    34.830 55180.71908050 16.55 150.788293  65.842129  2.859 -100.00 -100.00 -100.00
  54    34.411 55190.63472682 16.28 150.766762  65.840395  3.140 -100.00 -100.00 -100.00
  54    34.603 55190.63472741 16.73 150.773089  65.840813  3.495 -100.00 -100.00 -100.00
  54    34.874 55190.63472800 16.72 150.779417  65.841230  3.034 -100.00 -100.00 -100.00
  54    35.070 55190.63472859 16.61 150.785744  65.841648  2.855 -100.00 -100.00 -100.00
  55    34.342 55200.55037732 16.49 150.768873  65.840704  2.976 -100.00 -100.00 -100.00
  55    34.402 55200.55037791 16.66 150.775201  65.841122  3.042 -100.00 -100.00 -100.00
  55    34.814 55200.55037850 16.93 150.781528  65.841539  3.284 -100.00 -100.00 -100.00
  55    34.966 55200.55037909 17.30 150.787856  65.841956  3.574 -100.00 -100.00 -100.00
  56    34.330 55210.46602710 16.26 150.770150  65.841482  2.765 -100.00 -100.00 -100.00
  56    34.702 55210.46602769 16.64 150.776478  65.841900  3.344 -100.00 -100.00 -100.00
  56    34.992 55210.46602828 17.80 150.782806  65.842317  4.483 -100.00 -100.00 -100.00
  56    34.938 55210.46602887 17.48 150.789134  65.842734  4.110 -100.00 -100.00 -100.00
  57    34.081 55220.38167600 15.99 150.766940  65.842095  2.680 -100.00 -100.00 -100.00
  57    34.493 55220.38167659 16.11 150.773268  65.842512  2.841 -100.00 -100.00 -100.00
  57    34.437 55220.38167718 16.45 150.779597  65.842929  3.057 -100.00 -100.00 -100.00
  57    34.771 55220.38167777 16.60 150.785925  65.843346  2.967 -100.00 -100.00 -100.00
  58    34.480 55230.29732437 15.93 150.769098  65.841919  2.559 -100.00 -100.00 -100.00
  58    34.545 55230.29732496 16.51 150.775426  65.842336  3.437 -100.00 -100.00 -100.00
  58    34.668 55230.29732555 16.40 150.781755  65.842753  2.978 -100.00 -100.00 -100.00
  58    34.749 55230.29732614 17.82 150.788083  65.843170  5.080 -100.00 -100.00 -100.00
  59    34.110 55240.21296912 15.93 150.767417  65.840540  2.868 -100.00 -100.00 -100.00
  59    34.657 55240.21296971 16.09 150.773745  65.840958  2.978 -100.00 -100.00 -100.00
  59    34.832 55240.21297030 16.61 150.780073  65.841375  3.864 -100.00 -100.00 -100.00
  59    34.940 55240.21297089 16.60 150.786401  65.841792  3.179 -100.00 -100.00 -100.00
  60    34.516 55250.12861062 15.49 150.769546  65.838862  2.698 -100.00 -100.00 -100.00
  60    34.866 55250.12861121 15.80 150.775874  65.839280  2.716 -100.00 -100.00 -100.00
  60    34.799 55250.12861180 16.21 150.782202  65.839697  3.093 -100.00 -100.00 -100.00
  60    35.296 55250.12861239 16.52 150.788530  65.840114  3.235 -100.00 -100.00 -100.00
  61    34.643 55260.04424937 15.09 150.766791  65.837553  2.815 -100.00 -100.00 -100.00
  61    34.816 55260.04424996 15.44 150.773118  65.837971  2.919 -100.00 -100.00 -100.00
  61    35.084 55260.04425055 16.12 150.779445  65.838388  3.554 -100.00 -100.00 -100.00
  61    35.311 55260.04425114 15.88 150.785773  65.838805  3.073 -100.00 -100.00 -100.00
  62    34.684 55269.95988758 15.01 150.766435  65.837632  3.107 -100.00 -100.00 -100.00
  62    34.866 55269.95988817 15.14 150.772762  65.838050  2.611 -100.00 -100.00 -100.00
  62    35.098 55269.95988876 15.58 150.779090  65.838467  3.084 -100.00 -100.00 -100.00
  62    35.154 55269.95988935 15.56 150.785417  65.838884  2.795 -100.00 -100.00 -100.00
  63    34.463 55279.87552571 14.46 150.766204  65.838458  2.841 -100.00 -100.00 -100.00
  63    34.744 55279.87552630 14.76 150.772531  65.838876  2.929 -100.00 -100.00 -100.00
  63    35.036 55279.87552689 15.08 150.778858  65.839293  3.024 -100.00 -100.00 -100.00
  63    35.192 55279.87552748 15.22 150.785186  65.839710  3.165 -100.00 -100.00 -100.00
  64    34.669 55289.79116290 14.86 150.769428  65.839129  3.555 -100.00 -100.00 -100.00
  64    34.962 55289.79116349 15.14 150.775755  65.839547  3.373 -100.00 -100.00 -100.00
  64    35.341 55289.79116408 15.44 150.782083  65.839964  4.366 -100.00 -100.00 -100.00
  64    35.370 55289.79116467 19.10 150.788410  65.840381  8.516 -100.00 -100.00 -100.00
  65    34.740 55299.70679723 14.18 150.767841  65.838574  2.972 -100.00 -100.00 -100.00
  65    34.963 55299.70679782 14.77 150.774167  65.838992  3.452 -100.00 -100.00 -100.00
  65    35.103 55299.70679841 15.55 150.780494  65.839409  4.459 -100.00 -100.00 -100.00
  65    35.183 55299.70679900 16.56 150.786821  65.839827  6.007 -100.00 -100.00 -100.00
  66    34.609 55309.62244237 14.10 150.772020  65.837707  3.496 -100.00 -100.00 -100.00
  66    35.058 55309.62244296 14.46 150.778346  65.838125  3.857 -100.00 -100.00 -100.00
  66    35.164 55309.62244355 16.87 150.784672  65.838542  7.316 -100.00 -100.00 -100.00
  67    28.772 55319.53808780 22.09 150.768274  65.836707   -100 -100.00 -100.00 -100.00
  67    28.878 55319.53808839 20.39 150.774600  65.837125 26.595 -100.00 -100.00 -100.00
  67    29.456 55319.53808898 15.79 150.780926  65.837542 15.445 -100.00 -100.00 -100.00
  67    29.083 55319.53808957 14.25 150.787252  65.837959 12.186 -100.00 -100.00 -100.00
  68    30.334 55329.45373284 41.16 150.770892  65.837326   -100 -100.00 -100.00 -100.00
  68    30.265 55329.45373343 44.18 150.777218  65.837744   -100 -100.00 -100.00 -100.00
  68    30.210 55329.45373402 42.88 150.783545  65.838161   -100 -100.00 -100.00 -100.00
  69    34.526 55339.36937748 33.58 150.772005  65.838968 15.862 -100.00 -100.00 -100.00
  69    34.729 55339.36937807 32.68 150.778332  65.839385 13.985 -100.00 -100.00 -100.00
  69    35.926 55339.36937866 35.54 150.784658  65.839803 18.701 -100.00 -100.00 -100.00
  70    33.069 55349.28502131 43.14 150.767827  65.840136 26.468 -100.00 -100.00 -100.00
  70    32.564 55349.28502190 47.17 150.774154  65.840553   -100 -100.00 -100.00 -100.00
  70    32.635 55349.28502249 51.44 150.780481  65.840971  4.333 -100.00 -100.00 -100.00
  70    32.417 55349.28502308 50.22 150.786808  65.841388  4.627 -100.00 -100.00 -100.00
  71    30.922 55359.20066363 37.32 150.768915  65.840884   -100 -100.00 -100.00 -100.00
  71    30.561 55359.20066422 33.88 150.775243  65.841302   -100 -100.00 -100.00 -100.00
  71    30.841 55359.20066481 29.37 150.781570  65.841719 16.329 -100.00 -100.00 -100.00
  71    35.081 55359.20066540 32.45 150.787898  65.842137 22.757 -100.00 -100.00 -100.00
  72    30.318 55369.11630351 42.13 150.767201  65.840814   -100 -100.00 -100.00 -100.00
  72    30.526 55369.11630410 44.07 150.773528  65.841232   -100 -100.00 -100.00 -100.00
  72    30.751 55369.11630469 43.98 150.779856  65.841650   -100 -100.00 -100.00 -100.00
  72    30.579 55369.11630528 46.25 150.786184  65.842067   -100 -100.00 -100.00 -100.00
  73    31.426 55379.03194235 44.40 150.770284  65.841039   -100 -100.00 -100.00 -100.00
  73    31.138 55379.03194294 45.71 150.776611  65.841457  3.610 -100.00 -100.00 -100.00
  73    31.018 55379.03194353 42.90 150.782939  65.841874   -100 -100.00 -100.00 -100.00
  73    33.502 55379.03194412 40.80 150.789267  65.842291 26.877 -100.00 -100.00 -100.00
  74    30.339 55388.94758028 42.82 150.771478  65.841437   -100 -100.00 -100.00 -100.00
  74    30.130 55388.94758087 46.13 150.777806  65.841854   -100 -100.00 -100.00 -100.00
  74    30.265 55388.94758146 45.29 150.784134  65.842272   -100 -100.00 -100.00 -100.00
  74    33.241 55388.94758205 45.99 150.790462  65.842689   -100 -100.00 -100.00 -100.00
  75    29.665 55398.86321671 42.08 150.767271  65.841197   -100 -100.00 -100.00 -100.00
  75    29.833 55398.86321730 42.06 150.773599  65.841615   -100 -100.00 -100.00 -100.00
  75    30.256 55398.86321789 42.79 150.779926  65.842032   -100 -100.00 -100.00 -100.00
  75    29.916 55398.86321848 45.39 150.786254  65.842450   -100 -100.00 -100.00 -100.00
  76    29.921 55408.77886257 41.08 150.768965  65.840512 25.682 -100.00 -100.00 -100.00
  76    29.494 55408.77886316 43.90 150.775292  65.840930   -100 -100.00 -100.00 -100.00
  76    29.578 55408.77886375 48.21 150.781620  65.841347   -100 -100.00 -100.00 -100.00
  76    29.568 55408.77886434 44.88 150.787947  65.841764   -100 -100.00 -100.00 -100.00
  77    30.806 55418.69451340 43.89 150.770630  65.839123   -100 -100.00 -100.00 -100.00
  77    30.476 55418.69451399 46.54 150.776956  65.839541  0.685 -100.00 -100.00 -100.00
  77    30.944 55418.69451458 50.53 150.783283  65.839959   -100 -100.00 -100.00 -100.00
  77    30.714 55418.69451517 49.60 150.789610  65.840376   -100 -100.00 -100.00 -100.00
  78    30.413 55428.61016053 45.34 150.769296  65.837683  1.326 -100.00 -100.00 -100.00
  78    30.560 55428.61016112 43.48 150.775622  65.838100   -100 -100.00 -100.00 -100.00
  78    30.585 55428.61016171 41.91 150.781948  65.838518   -100 -100.00 -100.00 -100.00
  78    30.436 55428.61016230 45.72 150.788274  65.838935   -100 -100.00 -100.00 -100.00
  79    32.994 55438.52580530 46.63 150.770281  65.837622   -100 -100.00 -100.00 -100.00
  79    32.889 55438.52580589 49.50 150.776608  65.838040  6.797 -100.00 -100.00 -100.00
  79    32.940 55438.52580648 48.71 150.782934  65.838457  1.384 -100.00 -100.00 -100.00
  79    32.827 55438.52580707 50.42 150.789260  65.838874  3.078 -100.00 -100.00 -100.00
  80    35.034 55448.44144862 28.12 150.769933  65.838456 17.025 -100.00 -100.00 -100.00
  80    35.012 55448.44144921 26.59 150.776260  65.838873 14.841 -100.00 -100.00 -100.00
  80    35.588 55448.44144980 27.50 150.782586  65.839290 11.910 -100.00 -100.00 -100.00
  80    35.907 55448.44145039 34.52 150.788913  65.839707 20.492 -100.00 -100.00 -100.00
  81    34.096 55458.35709136 34.78 150.766662  65.838922 28.127 -100.00 -100.00 -100.00
  81    33.905 55458.35709195 28.11 150.772989  65.839339 12.330 -100.00 -100.00 -100.00
  81    35.679 55458.35709255 28.95 150.779316  65.839757 11.896 -100.00 -100.00 -100.00
  81    35.775 55458.35709314 35.58 150.785643  65.840174 28.285 -100.00 -100.00 -100.00
  82    32.102 55468.27273403 43.09 150.770520  65.839120   -100 -100.00 -100.00 -100.00
  82    31.789 55468.27273462 44.04 150.776847  65.839537   -100 -100.00 -100.00 -100.00
  82    32.002 55468.27273521 38.77 150.783175  65.839954 25.040 -100.00 -100.00 -100.00
  82    35.483 55468.27273580 38.31 150.789502  65.840371 22.930 -100.00 -100.00 -100.00
  83    30.184 55478.18837288 40.25 150.768772  65.838040 30.229 -100.00 -100.00 -100.00
  83    30.254 55478.18837347 42.30 150.775099  65.838457 32.673 -100.00 -100.00 -100.00
  83    30.057 55478.18837406 41.64 150.781426  65.838875   -100 -100.00 -100.00 -100.00
  83    30.384 55478.18837465 40.78 150.787753  65.839292 32.659 -100.00 -100.00 -100.00
  84    29.180 55488.10400877 36.33 150.768111  65.837082 23.757 -100.00 -100.00 -100.00
  84    29.271 55488.10400936 38.72 150.774438  65.837499 30.669 -100.00 -100.00 -100.00
  84    29.757 55488.10400995 40.07 150.780766  65.837917 25.213 -100.00 -100.00 -100.00
  84    29.480 55488.10401055 42.10 150.787093  65.838334   -100 -100.00 -100.00 -100.00
  85    29.991 55498.01964300 30.85 150.773726  65.837198 13.221 -100.00 -100.00 -100.00
  85    29.941 55498.01964359 33.29 150.780054  65.837616 19.287 -100.00 -100.00 -100.00
  85    29.876 55498.01964418 36.30 150.786381  65.838033 29.012 -100.00 -100.00 -100.00
  86    34.325 55507.93528056 24.30 150.767807  65.837870  5.290 -100.00 -100.00 -100.00
  86    34.329 55507.93528115 24.64 150.774134  65.838288  5.662 -100.00 -100.00 -100.00
  86    30.143 55507.93528174 30.86 150.780461  65.838706 14.841 -100.00 -100.00 -100.00
  86    35.007 55507.93528233 27.62 150.786789  65.839123  9.234 -100.00 -100.00 -100.00
  87    34.234 55517.85093105 23.45 150.769434  65.839342  5.230 -100.00 -100.00 -100.00
  87    34.962 55517.85093164 24.02 150.775761  65.839760  5.764 -100.00 -100.00 -100.00
  87    34.847 55517.85093223 24.58 150.782089  65.840177  5.832 -100.00 -100.00 -100.00
  87    35.312 55517.85093282 24.02 150.788417  65.840594  4.949 -100.00 -100.00 -100.00
  88    34.472 55527.76658071 22.94 150.772232  65.840538  4.804 -100.00 -100.00 -100.00
  88    33.857 55527.76658131 24.83 150.778560  65.840955  7.238 -100.00 -100.00 -100.00
  88    35.045 55527.76658190 23.48 150.784888  65.841373  5.105 -100.00 -100.00 -100.00
  89    34.262 55537.68222803 21.56 150.770890  65.840804  4.016 -100.00 -100.00 -100.00
  89    34.726 55537.68222862 22.71 150.777217  65.841222  5.784 -100.00 -100.00 -100.00
  89    35.196 55537.68222921 22.86 150.783545  65.841639  5.394 -100.00 -100.00 -100.00
  89    35.085 55537.68222980 23.09 150.789873  65.842056  5.775 -100.00 -100.00 -100.00
  90    34.611 55547.59787316 18.60 150.770389  65.840984  2.878 -100.00 -100.00 -100.00
  90    35.209 55547.59787375 18.81 150.776716  65.841401  2.952 -100.00 -100.00 -100.00
  90    35.177 55547.59787434 18.71 150.783044  65.841818  2.428 -100.00 -100.00 -100.00
  90    35.122 55547.59787493 19.60 150.789372  65.842235  3.579 -100.00 -100.00 -100.00
  91    34.414 55557.51351649 17.86 150.769347  65.841487  2.880 -100.00 -100.00 -100.00
  91    34.886 55557.51351708 18.08 150.775674  65.841904  2.920 -100.00 -100.00 -100.00
  91    35.003 55557.51351767 18.34 150.782002  65.842321  3.068 -100.00 -100.00 -100.00
  91    35.003 55557.51351826 18.91 150.788331  65.842738  3.812 -100.00 -100.00 -100.00
  92    34.563 55567.42915917 17.54 150.770522  65.842249  2.817 -100.00 -100.00 -100.00
  92    34.305 55567.42915976 17.79 150.776850  65.842666  3.273 -100.00 -100.00 -100.00
  92    34.339 55567.42916035 17.82 150.783179  65.843084  3.225 -100.00 -100.00 -100.00
  92    34.205 55567.42916094 18.80 150.789507  65.843500  3.939 -100.00 -100.00 -100.00
  93    33.608 55577.34480092 17.16 150.769956  65.841884  2.562 -100.00 -100.00 -100.00
  93    33.833 55577.34480151 17.19 150.776284  65.842302  2.914 -100.00 -100.00 -100.00
  93    34.010 55577.34480210 17.33 150.782612  65.842719  2.845 -100.00 -100.00 -100.00
  93    34.832 55577.34480269 18.21 150.788941  65.843136  4.058 -100.00 -100.00 -100.00
  94    33.318 55587.26044034 17.34 150.767043  65.839977  2.675 -100.00 -100.00 -100.00
  94    34.429 55587.26044093 17.62 150.773371  65.840395  2.849 -100.00 -100.00 -100.00
  94    34.841 55587.26044152 17.70 150.779699  65.840813  3.150 -100.00 -100.00 -100.00
  94    35.165 55587.26044211 18.03 150.786027  65.841230  3.356 -100.00 -100.00 -100.00
  95    36.145 55597.17607724 17.35 150.770641  65.837947  3.166 -100.00 -100.00 -100.00
  95    34.697 55597.17607783 17.37 150.776968  65.838364  3.099 -100.00 -100.00 -100.00
  95    35.092 55597.17607842 17.64 150.783296  65.838782  3.145 -100.00 -100.00 -100.00
  96    34.428 55607.09171078 16.88 150.768624  65.836629  2.593 -100.00 -100.00 -100.00
  96    34.805 55607.09171137 17.44 150.774951  65.837047  3.632 -100.00 -100.00 -100.00
  96    35.098 55607.09171196 17.95 150.781278  65.837465  3.599 -100.00 -100.00 -100.00
  96    35.439 55607.09171255 17.49 150.787606  65.837882  3.235 -100.00 -100.00 -100.00
  97    36.210 55617.00734270 17.23 150.770764  65.837042  2.680 -100.00 -100.00 -100.00
  97    34.722 55617.00734329 17.53 150.777091  65.837460  2.968 -100.00 -100.00 -100.00
  97    35.299 55617.00734388 18.09 150.783418  65.837877  3.174 -100.00 -100.00 -100.00
  98    34.389 55626.92298676 16.75 150.770969  65.838593  2.513 -100.00 -100.00 -100.00
  98    35.866 55626.92298735 16.70 150.777296  65.839011  2.677 -100.00 -100.00 -100.00
  98    35.453 55626.92298794 17.07 150.783624  65.839429  3.198 -100.00 -100.00 -100.00
  99    36.214 55636.83863808 16.48 150.767362  65.839017  3.464 -100.00 -100.00 -100.00
  99    35.941 55636.83863867 16.33 150.773690  65.839435  3.192 -100.00 -100.00 -100.00
  99    35.264 55636.83863926 16.62 150.780017  65.839853  2.795 -100.00 -100.00 -100.00
  99    35.444 55636.83863985 16.90 150.786344  65.840270  3.174 -100.00 -100.00 -100.00
 100    34.676 55646.75428779 15.69 150.768842  65.838544  3.432 -100.00 -100.00 -100.00
 100    35.184 55646.75428838 15.81 150.775169  65.838962  3.569 -100.00 -100.00 -100.00
 100    35.380 55646.75428897 15.71 150.781496  65.839379  3.166 -100.00 -100.00 -100.00
 100    35.469 55646.75428956 16.98 150.787823  65.839796  5.002 -100.00 -100.00 -100.00
 101    35.025 55656.66993480 15.58 150.771637  65.837376  2.830 -100.00 -100.00 -100.00
 101    35.822 55656.66993539 15.83 150.777963  65.837793  3.052 -100.00 -100.00 -100.00
 101    35.420 55656.66993598 19.05 150.784290  65.838211  7.375 -100.00 -100.00 -100.00
 102    35.993 55666.58557723 14.19 150.771896  65.836802  3.465 -100.00 -100.00 -100.00
 102    35.908 55666.58557782 13.90 150.778222  65.837220  3.149 -100.00 -100.00 -100.00
 102    35.412 55666.58557841 16.79 150.784548  65.837637  7.153 -100.00 -100.00 -100.00
 103    29.002 55676.50121684 21.22 150.772150  65.837562   -100 -100.00 -100.00 -100.00
 103    28.698 55676.50121743 21.64 150.778476  65.837979   -100 -100.00 -100.00 -100.00
 103    35.147 55676.50121802 16.39 150.784802  65.838397 15.109 -100.00 -100.00 -100.00
 104    29.873 55686.41685429 31.37 150.768381  65.838930   -100 -100.00 -100.00 -100.00
 104    30.133 55686.41685488 29.44 150.774708  65.839348 23.230 -100.00 -100.00 -100.00
 104    30.092 55686.41685547 30.73 150.781034  65.839766 31.623 -100.00 -100.00 -100.00
 104    30.106 55686.41685606 28.89 150.787361  65.840183 19.109 -100.00 -100.00 -100.00
 105    30.681 55696.33249079 35.95 150.767086  65.840058   -100 -100.00 -100.00 -100.00
 105    30.470 55696.33249138 39.58 150.773413  65.840476  5.073 -100.00 -100.00 -100.00
 105    30.620 55696.33249197 34.08 150.779740  65.840893   -100 -100.00 -100.00 -100.00
 105    30.381 55696.33249256 33.43 150.786068  65.841310   -100 -100.00 -100.00 -100.00
 106    31.265 55706.24812638 43.35 150.769844  65.840344 30.954 -100.00 -100.00 -100.00
 106    31.000 55706.24812697 47.52 150.776171  65.840762   -100 -100.00 -100.00 -100.00
 106    30.910 55706.24812756 49.75 150.782499  65.841180 23.135 -100.00 -100.00 -100.00
 106    31.038 55706.24812815 50.52 150.788826  65.841597   -100 -100.00 -100.00 -100.00
 107    35.810 55716.16377602 46.26 150.770818  65.840102   -100 -100.00 -100.00 -100.00
 107    35.494 55716.16377661 49.77 150.777145  65.840520   -100 -100.00 -100.00 -100.00
 107    35.479 55716.16377720 53.77 150.783473  65.840937 18.146 -100.00 -100.00 -100.00
 107    35.588 55716.16377779 52.54 150.789801  65.841355  0.145 -100.00 -100.00 -100.00
 108    35.927 55726.07942491 47.66 150.772184  65.840354   -100 -100.00 -100.00 -100.00
 108    35.809 55726.07942550 50.56 150.778512  65.840771   -100 -100.00 -100.00 -100.00
 108    35.524 55726.07942609 53.82 150.784839  65.841189 19.255 -100.00 -100.00 -100.00
 109    34.665 55735.99507140 43.35 150.767071  65.840955 22.673 -100.00 -100.00 -100.00
 109    34.280 55735.99507199 45.26 150.773399  65.841373   -100 -100.00 -100.00 -100.00
 109    34.176 55735.99507258 50.96 150.779726  65.841790   -100 -100.00 -100.00 -100.00
 109    34.048 55735.99507317 52.54 150.786055  65.842207   -100 -100.00 -100.00 -100.00
 110    32.862 55745.91071736 28.76 150.769943  65.842135 17.002 -100.00 -100.00 -100.00
 110    32.637 55745.91071795 27.93 150.776271  65.842553 15.260 -100.00 -100.00 -100.00
 110    33.105 55745.91071854 27.51 150.782599  65.842970 12.509 -100.00 -100.00 -100.00
 110    35.329 55745.91071913 28.91 150.788927  65.843387 10.521 -100.00 -100.00 -100.00
 111    36.927 55755.82636131 21.57 150.771627  65.841969  7.491 -100.00 -100.00 -100.00
 111    35.224 55755.82636190 23.16 150.777954  65.842386 10.457 -100.00 -100.00 -100.00
 111    35.561 55755.82636249 23.27 150.784282  65.842803  9.105 -100.00 -100.00 -100.00
 111    35.551 55755.82636308 29.80 150.790610  65.843220 19.751 -100.00 -100.00 -100.00
 112    32.226 55765.74200213 43.52 150.766519  65.839621 23.162 -100.00 -100.00 -100.00
 112    31.540 55765.74200273 47.52 150.772846  65.840039   -100 -100.00 -100.00 -100.00
 112    31.698 55765.74200332 50.20 150.779173  65.840457   -100 -100.00 -100.00 -100.00
 112    31.544 55765.74200391 52.29 150.785500  65.840874  9.342 -100.00 -100.00 -100.00
 113    30.830 55775.65764104 28.55 150.771940  65.837452 24.376 -100.00 -100.00 -100.00
 113    32.266 55775.65764163 27.29 150.778266  65.837870 19.109 -100.00 -100.00 -100.00
 113    35.681 55775.65764222 24.36 150.784592  65.838287  8.905 -100.00 -100.00 -100.00
 114    30.414 55785.57327648 37.18 150.771387  65.836140   -100 -100.00 -100.00 -100.00
 114    32.860 55785.57327707 31.97 150.777712  65.836557 26.400 -100.00 -100.00 -100.00
 114    30.408 55785.57327766 29.89 150.784038  65.836975 21.167 -100.00 -100.00 -100.00
 115    36.361 55795.48890979 30.81 150.768550  65.837007 27.585 -100.00 -100.00 -100.00
 115    32.789 55795.48891038 32.64 150.774876  65.837425   -100 -100.00 -100.00 -100.00
 115    33.538 55795.48891097 27.54 150.781202  65.837843 13.568 -100.00 -100.00 -100.00
 115    36.083 55795.48891156 25.65 150.787529  65.838260 10.242 -100.00 -100.00 -100.00
 116    31.758 55805.40454906 44.64 150.766719  65.838743   -100 -100.00 -100.00 -100.00
 116    31.785 55805.40454965 47.56 150.773046  65.839161   -100 -100.00 -100.00 -100.00
 116    31.894 55805.40455024 49.58 150.779373  65.839579   -100 -100.00 -100.00 -100.00
 116    31.708 55805.40455083 50.48 150.785700  65.839996   -100 -100.00 -100.00 -100.00
 117    32.897 55815.32019869 38.64 150.770102  65.839874   -100 -100.00 -100.00 -100.00
 117    32.763 55815.32019928 36.13 150.776429  65.840292   -100 -100.00 -100.00 -100.00
 117    35.631 55815.32019987 28.00 150.782757  65.840709 11.122 -100.00 -100.00 -100.00
 117    35.625 55815.32020046 35.23 150.789084  65.841126 28.101 -100.00 -100.00 -100.00
 118    32.241 55825.23584520 42.70 150.768481  65.838554   -100 -100.00 -100.00 -100.00
 118    31.914 55825.23584579 42.97 150.774808  65.838972  4.131 -100.00 -100.00 -100.00
 118    31.823 55825.23584638 41.06 150.781136  65.839389   -100 -100.00 -100.00 -100.00
 118    35.842 55825.23584697 38.27 150.787463  65.839807 19.601 -100.00 -100.00 -100.00
 119    30.655 55835.15148755 40.36 150.771068  65.836943 29.646 -100.00 -100.00 -100.00
 119    30.324 55835.15148814 43.45 150.777395  65.837361   -100 -100.00 -100.00 -100.00
 119    30.265 55835.15148873 40.32 150.783722  65.837778   -100 -100.00 -100.00 -100.00
 120    30.013 55845.06712585 38.93 150.768651  65.835955 27.477 -100.00 -100.00 -100.00
 120    30.053 55845.06712644 40.40 150.774978  65.836373 29.144 -100.00 -100.00 -100.00
 120    30.239 55845.06712703 43.51 150.781305  65.836791 31.727 -100.00 -100.00 -100.00
 120    30.191 55845.06712762 45.89 150.787632  65.837208   -100 -100.00 -100.00 -100.00
 121    29.220 55854.98276195 36.50 150.772327  65.837455 28.375 -100.00 -100.00 -100.00
 121    29.396 55854.98276254 38.47 150.778655  65.837873 27.036 -100.00 -100.00 -100.00
 121    29.556 55854.98276313 39.32 150.784982  65.838290 29.968 -100.00 -100.00 -100.00
 122    32.473 55864.89840123 25.35 150.765983  65.839260  7.992 -100.00 -100.00 -100.00
 122    29.824 55864.89840182 31.75 150.772310  65.839679 21.480 -100.00 -100.00 -100.00
 122    30.107 55864.89840241 29.40 150.778638  65.840096 12.902 -100.00 -100.00 -100.00
 122    30.099 55864.89840300 26.87 150.784966  65.840514  9.732 -100.00 -100.00 -100.00
 123    34.523 55874.81405486 21.10 150.770635  65.841324  3.966 -100.00 -100.00 -100.00
 123    34.530 55874.81405545 22.24 150.776962  65.841742  4.679 -100.00 -100.00 -100.00
 123    34.839 55874.81405604 22.21 150.783291  65.842160  4.880 -100.00 -100.00 -100.00
 123    34.984 55874.81405663 22.67 150.789619  65.842577  5.073 -100.00 -100.00 -100.00
 124    33.964 55884.72970206 19.40 150.767151  65.841062  3.389 -100.00 -100.00 -100.00
 124    34.583 55884.72970265 20.15 150.773479  65.841480  3.892 -100.00 -100.00 -100.00
 124    34.975 55884.72970324 19.67 150.779807  65.841898  3.818 -100.00 -100.00 -100.00
 124    34.433 55884.72970383 20.83 150.786135  65.842315  4.771 -100.00 -100.00 -100.00
 125    34.648 55894.64534402 19.52 150.771995  65.840647  3.590 -100.00 -100.00 -100.00
 125    34.731 55894.64534461 20.01 150.778322  65.841064  3.664 -100.00 -100.00 -100.00
 125    35.150 55894.64534520 19.82 150.784650  65.841482  3.691 -100.00 -100.00 -100.00
 126    34.529 55904.56097999 18.77 150.769991  65.839879  2.901 -100.00 -100.00 -100.00
 126    34.770 55904.56098058 19.22 150.776318  65.840296  3.012 -100.00 -100.00 -100.00
 126    34.997 55904.56098117 19.57 150.782645  65.840714  3.414 -100.00 -100.00 -100.00
 126    35.137 55904.56098176 19.74 150.788973  65.841131  4.170 -100.00 -100.00 -100.00
 127    33.771 55914.47662040 17.10 150.769979  65.840531  2.589 -100.00 -100.00 -100.00
 127    34.942 55914.47662099 17.62 150.776306  65.840949  2.871 -100.00 -100.00 -100.00
 127    34.994 55914.47662158 18.05 150.782634  65.841366  3.471 -100.00 -100.00 -100.00
 127    35.259 55914.47662217 18.17 150.788962  65.841783  3.927 -100.00 -100.00 -100.00
 128    33.903 55924.39227431 17.08 150.769485  65.841679  2.788 -100.00 -100.00 -100.00
 128    34.653 55924.39227490 17.39 150.775812  65.842097  2.660 -100.00 -100.00 -100.00
 128    34.251 55924.39227549 17.46 150.782141  65.842514  2.760 -100.00 -100.00 -100.00
 128    34.480 55924.39227608 18.07 150.788469  65.842931  4.053 -100.00 -100.00 -100.00
 129    33.662 55934.30792521 16.73 150.770543  65.841869  2.557 -100.00 -100.00 -100.00
 129    34.778 55934.30792580 17.04 150.776871  65.842287  2.831 -100.00 -100.00 -100.00
 129    34.126 55934.30792639 17.34 150.783200  65.842704  3.057 -100.00 -100.00 -100.00
 129    35.177 55934.30792698 17.40 150.789529  65.843121  3.169 -100.00 -100.00 -100.00
 130    34.081 55944.22357142 16.58 150.771603  65.840027  2.644 -100.00 -100.00 -100.00
 130    34.379 55944.22357201 16.48 150.777931  65.840444  2.699 -100.00 -100.00 -100.00
 130    35.087 55944.22357260 16.67 150.784259  65.840861  2.699 -100.00 -100.00 -100.00
 131    33.861 55954.13921288 16.36 150.768339  65.837171  3.546 -100.00 -100.00 -100.00
 131    34.920 55954.13921347 16.34 150.774666  65.837588  2.773 -100.00 -100.00 -100.00
 131    34.944 55954.13921406 16.83 150.780993  65.838006  3.074 -100.00 -100.00 -100.00
 131    35.238 55954.13921465 16.71 150.787321  65.838423  2.957 -100.00 -100.00 -100.00
 132    34.591 55964.05485178 15.84 150.768380  65.835915  2.786 -100.00 -100.00 -100.00
 132    34.777 55964.05485237 16.01 150.774707  65.836333  2.698 -100.00 -100.00 -100.00
 132    35.131 55964.05485296 16.18 150.781034  65.836750  2.689 -100.00 -100.00 -100.00
 132    35.231 55964.05485355 16.36 150.787362  65.837168  2.713 -100.00 -100.00 -100.00
 133    34.745 55973.97048953 15.82 150.772784  65.837359  2.579 -100.00 -100.00 -100.00
 133    35.142 55973.97049012 15.93 150.779112  65.837776  2.547 -100.00 -100.00 -100.00
 133    35.001 55973.97049071 16.24 150.785439  65.838193  2.832 -100.00 -100.00 -100.00
 134    34.684 55983.88612565 15.65 150.771692  65.839448  2.830 -100.00 -100.00 -100.00
 134    34.673 55983.88612624 16.19 150.778020  65.839866  3.459 -100.00 -100.00 -100.00
 134    35.029 55983.88612683 15.82 150.784348  65.840283  2.817 -100.00 -100.00 -100.00
 135    34.566 55993.80175962 15.31 150.771510  65.840190  2.747 -100.00 -100.00 -100.00
 135    34.729 55993.80176021 15.76 150.777837  65.840608  2.576 -100.00 -100.00 -100.00
 135    33.943 55993.80176080 15.85 150.784165  65.841025  2.899 -100.00 -100.00 -100.00
 136    34.518 56003.71740994 15.56 150.771274  65.839090  2.867 -100.00 -100.00 -100.00
 136    34.828 56003.71741053 15.57 150.777601  65.839508  2.527 -100.00 -100.00 -100.00
 136    35.102 56003.71741112 15.67 150.783928  65.839925  3.332 -100.00 -100.00 -100.00
 137    34.758 56013.63305882 15.04 150.771511  65.837022  3.048 -100.00 -100.00 -100.00
 137    34.888 56013.63305941 15.35 150.777837  65.837440  3.370 -100.00 -100.00 -100.00
 137    35.047 56013.63306000 15.31 150.784163  65.837857  2.998 -100.00 -100.00 -100.00
 138    34.799 56023.54870438 14.78 150.770361  65.836286  3.421 -100.00 -100.00 -100.00
 138    34.951 56023.54870497 14.55 150.776687  65.836704  2.571 -100.00 -100.00 -100.00
 138    35.190 56023.54870556 15.00 150.783013  65.837121  2.866 -100.00 -100.00 -100.00
 138    35.234 56023.54870615 14.93 150.789339  65.837538  2.848 -100.00 -100.00 -100.00
 139    34.667 56033.46434772 13.16 150.770453  65.837970  2.555 -100.00 -100.00 -100.00
 139    34.821 56033.46434831 13.54 150.776779  65.838388  2.967 -100.00 -100.00 -100.00
 139    34.962 56033.46434890 13.47 150.783106  65.838805  2.767 -100.00 -100.00 -100.00
 140    32.775 56043.37998862 13.56 150.766411  65.840288  8.030 -100.00 -100.00 -100.00
 140    31.686 56043.37998921 13.68 150.772738  65.840706  8.686 -100.00 -100.00 -100.00
 140    32.694 56043.37998980 11.54 150.779066  65.841123  5.216 -100.00 -100.00 -100.00
 140    33.059 56043.37999039 10.85 150.785393  65.841540  5.262 -100.00 -100.00 -100.00
 141    30.441 56053.29562743 23.27 150.768686  65.842001 24.503 -100.00 -100.00 -100.00
 141    31.468 56053.29562802 18.99 150.775014  65.842419  9.904 -100.00 -100.00 -100.00
 141    31.043 56053.29562862 19.52 150.781342  65.842836 14.540 -100.00 -100.00 -100.00
 141    31.236 56053.29562921 18.18 150.787670  65.843253 10.030 -100.00 -100.00 -100.00
 142   100.229 56063.21126301 23.58 150.771794  65.841844 23.620 -100.00 -100.00 -100.00
 142    99.759 56063.21126360 24.21 150.778121  65.842262   -100 -100.00 -100.00 -100.00
 142    99.199 56063.21126419 26.41 150.784449  65.842679   -100 -100.00 -100.00 -100.00
 143    34.070 56073.12690408 44.62 150.766389  65.840146   -100 -100.00 -100.00 -100.00
 143    34.006 56073.12690467 43.24 150.772717  65.840564   -100 -100.00 -100.00 -100.00
 143    33.934 56073.12690526 41.98 150.779044  65.840982   -100 -100.00 -100.00 -100.00
 143    33.752 56073.12690585 45.10 150.785372  65.841399   -100 -100.00 -100.00 -100.00
 144    31.937 56083.04255420 40.52 150.767200  65.839794 27.225 -100.00 -100.00 -100.00
 144    31.526 56083.04255479 42.15 150.773527  65.840212   -100 -100.00 -100.00 -100.00
 144    31.412 56083.04255538 47.29 150.779854  65.840630 12.948 -100.00 -100.00 -100.00
 144    31.470 56083.04255597 46.13 150.786182  65.841047   -100 -100.00 -100.00 -100.00
 145    30.406 56092.95820211 32.74 150.770260  65.840571   -100 -100.00 -100.00 -100.00
 145    30.629 56092.95820270 28.71 150.776588  65.840989 19.798 -100.00 -100.00 -100.00
 145    35.764 56092.95820329 28.12 150.782916  65.841406 16.736 -100.00 -100.00 -100.00
 145    34.950 56092.95820388 35.04 150.789243  65.841823 28.844 -100.00 -100.00 -100.00
 146    31.030 56102.87384746 38.44 150.769708  65.841486   -100 -100.00 -100.00 -100.00
 146    30.911 56102.87384805 37.27 150.776035  65.841903   -100 -100.00 -100.00 -100.00
 146    30.936 56102.87384864 40.23 150.782363  65.842321   -100 -100.00 -100.00 -100.00
 146    31.009 56102.87384923 38.64 150.788691  65.842738   -100 -100.00 -100.00 -100.00
 147    30.521 56112.78947806 41.84 150.766265  65.840934   -100 -100.00 -100.00 -100.00
 147    30.452 56112.78947865 44.55 150.772592  65.841352   -100 -100.00 -100.00 -100.00
 147    30.519 56112.78947924 45.39 150.778919  65.841770  8.000 -100.00 -100.00 -100.00
 147    30.680 56112.78947983 41.56 150.785247  65.842187   -100 -100.00 -100.00 -100.00
 148    30.625 56122.70511702 42.64 150.768235  65.839417 32.206 -100.00 -100.00 -100.00
 148    30.439 56122.70511761 44.85 150.774562  65.839835   -100 -100.00 -100.00 -100.00
 148    30.468 56122.70511820 48.90 150.780889  65.840252  4.059 -100.00 -100.00 -100.00
 148    30.631 56122.70511880 45.55 150.787216  65.840669   -100 -100.00 -100.00 -100.00
 149    29.954 56132.62075237 35.70 150.773188  65.837367   -100 -100.00 -100.00 -100.00
 149    33.174 56132.62075297 31.15 150.779514  65.837785 21.375 -100.00 -100.00 -100.00
 149    35.227 56132.62075356 29.06 150.785840  65.838202 13.683 -100.00 -100.00 -100.00
 150    31.015 56142.53638939 40.52 150.771838  65.836222 15.315 -100.00 -100.00 -100.00
 150    30.045 56142.53638999 45.76 150.778164  65.836640   -100 -100.00 -100.00 -100.00
 150    30.046 56142.53639058 46.99 150.784489  65.837057   -100 -100.00 -100.00 -100.00
 151    30.591 56152.45204031 45.82 150.772943  65.837446   -100 -100.00 -100.00 -100.00
 151    30.656 56152.45204090 50.87 150.779269  65.837863  6.020 -100.00 -100.00 -100.00
 151    30.651 56152.45204149 50.96 150.785595  65.838281  9.509 -100.00 -100.00 -100.00
 152    34.494 56162.36768932 33.37 150.770311  65.839297   -100 -100.00 -100.00 -100.00
 152    34.397 56162.36768991 29.98 150.776638  65.839715 20.161 -100.00 -100.00 -100.00
 152    35.612 56162.36769050 31.37 150.782965  65.840132 18.397 -100.00 -100.00 -100.00
 152    35.899 56162.36769109 35.92 150.789292  65.840549 23.354 -100.00 -100.00 -100.00
 153    32.696 56172.28333656 36.84 150.769701  65.840326   -100 -100.00 -100.00 -100.00
 153    32.567 56172.28333715 34.78 150.776028  65.840744   -100 -100.00 -100.00 -100.00
 153    34.281 56172.28333774 29.56 150.782356  65.841161 22.007 -100.00 -100.00 -100.00
 153    35.072 56172.28333833 38.66 150.788683  65.841578   -100 -100.00 -100.00 -100.00
 154    31.443 56182.19897899 40.76 150.769201  65.839471   -100 -100.00 -100.00 -100.00
 154    31.430 56182.19897958 44.18 150.775528  65.839889   -100 -100.00 -100.00 -100.00
 154    31.337 56182.19898017 46.92 150.781855  65.840306  9.447 -100.00 -100.00 -100.00
 154    33.405 56182.19898076 46.86 150.788183  65.840724   -100 -100.00 -100.00 -100.00
 155    30.617 56192.11461790 37.10 150.771635  65.837927   -100 -100.00 -100.00 -100.00
 155    30.494 56192.11461849 39.30 150.777962  65.838344   -100 -100.00 -100.00 -100.00
 155    30.648 56192.11461908 39.10 150.784289  65.838762   -100 -100.00 -100.00 -100.00
 156    29.771 56202.03025380 34.98 150.770709  65.836988   -100 -100.00 -100.00 -100.00
 156    32.883 56202.03025439 28.68 150.777036  65.837406 22.107 -100.00 -100.00 -100.00
 156    33.361 56202.03025498 26.12 150.783363  65.837823 13.598 -100.00 -100.00 -100.00
 156    35.995 56202.03025557 28.26 150.789691  65.838240 16.987 -100.00 -100.00 -100.00
 157    29.465 56211.94588774 39.00 150.769140  65.838008   -100 -100.00 -100.00 -100.00
 157    29.638 56211.94588833 41.86 150.775467  65.838426   -100 -100.00 -100.00 -100.00
 157    33.347 56211.94588892 37.97 150.781795  65.838843 26.737 -100.00 -100.00 -100.00
 157    35.182 56211.94588951 37.36 150.788122  65.839261 15.980 -100.00 -100.00 -100.00
 158    29.076 56221.86151998 35.56 150.769646  65.840151 22.664 -100.00 -100.00 -100.00
 158    29.186 56221.86152057 37.76 150.775974  65.840569 25.748 -100.00 -100.00 -100.00
 158    29.455 56221.86152116 38.13 150.782301  65.840986 28.021 -100.00 -100.00 -100.00
 158    29.033 56221.86152175 41.85 150.788629  65.841404   -100 -100.00 -100.00 -100.00
 159    33.908 56231.77717398 22.62 150.769196  65.842037  4.410 -100.00 -100.00 -100.00
 159    34.178 56231.77717458 23.47 150.775524  65.842455  6.323 -100.00 -100.00 -100.00
 159    34.290 56231.77717517 23.86 150.781852  65.842872  6.687 -100.00 -100.00 -100.00
 159    34.346 56231.77717576 23.64 150.788181  65.843290  5.650 -100.00 -100.00 -100.00
 160    34.136 56241.69282633 19.72 150.766656  65.841980  2.899 -100.00 -100.00 -100.00
 160    34.314 56241.69282692 19.91 150.772984  65.842398  3.210 -100.00 -100.00 -100.00
 160    34.689 56241.69282751 20.24 150.779312  65.842816  3.290 -100.00 -100.00 -100.00
 160    34.851 56241.69282810 20.61 150.785640  65.843233  3.344 -100.00 -100.00 -100.00
 161    34.553 56251.60847495 20.22 150.769651  65.841274  3.508 -100.00 -100.00 -100.00
 161    34.761 56251.60847554 20.51 150.775978  65.841691  3.408 -100.00 -100.00 -100.00
 161    34.816 56251.60847613 20.90 150.782306  65.842109  3.389 -100.00 -100.00 -100.00
 161    35.199 56251.60847672 21.22 150.788634  65.842526  4.132 -100.00 -100.00 -100.00
 162    34.755 56261.52411871 18.74 150.770619  65.840432  4.232 -100.00 -100.00 -100.00
 162    34.828 56261.52411930 18.92 150.776946  65.840849  3.779 -100.00 -100.00 -100.00
 162    34.892 56261.52411990 19.27 150.783274  65.841266  4.322 -100.00 -100.00 -100.00
 162    35.280 56261.52412049 19.76 150.789601  65.841683  4.410 -100.00 -100.00 -100.00
 163    34.408 56271.43976008 17.63 150.768820  65.840315  3.580 -100.00 -100.00 -100.00
 163    34.776 56271.43976068 18.31 150.775147  65.840733  4.014 -100.00 -100.00 -100.00
 163    34.989 56271.43976127 18.83 150.781475  65.841150  4.553 -100.00 -100.00 -100.00
 163    35.264 56271.43976186 18.79 150.787803  65.841567  3.658 -100.00 -100.00 -100.00
 164    34.108 56281.35540086 16.96 150.768276  65.840576  3.040 -100.00 -100.00 -100.00
 164    34.402 56281.35540145 17.28 150.774604  65.840994  3.285 -100.00 -100.00 -100.00
 164    34.886 56281.35540204 17.48 150.780932  65.841411  3.405 -100.00 -100.00 -100.00
 164    34.938 56281.35540263 17.91 150.787260  65.841828  4.080 -100.00 -100.00 -100.00
 165    34.184 56291.27105310 16.43 150.768003  65.840619  3.067 -100.00 -100.00 -100.00
 165    34.387 56291.27105369 16.51 150.774330  65.841037  3.047 -100.00 -100.00 -100.00
 165    34.559 56291.27105428 16.70 150.780658  65.841454  3.015 -100.00 -100.00 -100.00
 165    35.174 56291.27105487 16.86 150.786987  65.841871  3.281 -100.00 -100.00 -100.00
 166    34.034 56301.18670065 16.71 150.765928  65.839248  3.190 -100.00 -100.00 -100.00
 166    34.122 56301.18670124 17.10 150.772256  65.839665  3.001 -100.00 -100.00 -100.00
 166    34.814 56301.18670183 16.84 150.778584  65.840083  3.008 -100.00 -100.00 -100.00
 166    35.056 56301.18670242 17.10 150.784912  65.840500  2.791 -100.00 -100.00 -100.00
 167    33.971 56311.10234423 16.65 150.766177  65.837575  2.984 -100.00 -100.00 -100.00
 167    34.691 56311.10234482 16.82 150.772504  65.837993  3.164 -100.00 -100.00 -100.00
 167    34.799 56311.10234541 16.93 150.778832  65.838411  2.731 -100.00 -100.00 -100.00
 167    35.079 56311.10234600 17.17 150.785159  65.838828  2.657 -100.00 -100.00 -100.00
 168    34.891 56321.01798610 16.59 150.771817  65.837233  3.000 -100.00 -100.00 -100.00
 168    34.880 56321.01798669 16.56 150.778144  65.837650  2.986 -100.00 -100.00 -100.00
 168    35.308 56321.01798728 16.76 150.784472  65.838067  2.792 -100.00 -100.00 -100.00
 169    34.015 56330.93362634 15.75 150.766481  65.837781  2.395 -100.00 -100.00 -100.00
 169    34.805 56330.93362693 16.55 150.772809  65.838199  2.892 -100.00 -100.00 -100.00
 169    34.937 56330.93362752 17.07 150.779136  65.838616  2.959 -100.00 -100.00 -100.00
 169    34.912 56330.93362811 16.87 150.785464  65.839033  3.042 -100.00 -100.00 -100.00
 170    34.530 56340.84926688 16.42 150.770285  65.839381  3.205 -100.00 -100.00 -100.00
 170    34.731 56340.84926748 16.77 150.776613  65.839799  3.180 -100.00 -100.00 -100.00
 170    35.044 56340.84926807 16.59 150.782941  65.840216  3.061 -100.00 -100.00 -100.00
 170    35.283 56340.84926866 17.36 150.789268  65.840633  3.647 -100.00 -100.00 -100.00
 171    34.628 56350.76490495 16.57 150.771886  65.840029  3.357 -100.00 -100.00 -100.00
 171    34.606 56350.76490554 16.90 150.778213  65.840446  3.445 -100.00 -100.00 -100.00
 171    35.182 56350.76490613 16.79 150.784540  65.840864  3.684 -100.00 -100.00 -100.00
 172    34.681 56360.68054304 16.17 150.770320  65.839038  3.082 -100.00 -100.00 -100.00
 172    34.831 56360.68054363 16.42 150.776646  65.839456  3.264 -100.00 -100.00 -100.00
 172    35.016 56360.68054422 16.84 150.782973  65.839873  3.625 -100.00 -100.00 -100.00
 172    35.400 56360.68054481 16.56 150.789301  65.840290  3.176 -100.00 -100.00 -100.00
 173    34.459 56370.59619243 14.12 150.766989  65.837868  2.762 -100.00 -100.00 -100.00
 173    34.801 56370.59619302 14.31 150.773315  65.838285  2.646 -100.00 -100.00 -100.00
 173    35.113 56370.59619361 14.54 150.779641  65.838703  3.121 -100.00 -100.00 -100.00
 173    35.483 56370.59619420 14.68 150.785968  65.839120  2.688 -100.00 -100.00 -100.00
 175    34.849 56390.42748492 14.48 150.771529  65.839841  3.054 -100.00 -100.00 -100.00
 175    34.907 56390.42748551 14.63 150.777856  65.840258  3.067 -100.00 -100.00 -100.00
 175    34.935 56390.42748610 15.45 150.784183  65.840675  3.949 -100.00 -100.00 -100.00
 176    34.948 56400.34312773  9.36 150.766467  65.841214  3.711 -100.00 -100.00 -100.00
 176    34.224 56400.34312832  9.74 150.772794  65.841632  4.032 -100.00 -100.00 -100.00
 176    31.392 56400.34312891 12.87 150.779122  65.842049  7.405 -100.00 -100.00 -100.00
 176    31.201 56400.34312950 12.23 150.785450  65.842466  6.951 -100.00 -100.00 -100.00
 177    30.703 56410.25876835 16.76 150.766766  65.842081 12.915 -100.00 -100.00 -100.00
 177    29.898 56410.25876894 19.19 150.773094  65.842499 17.445 -100.00 -100.00 -100.00
 177    29.893 56410.25876953 18.84 150.779422  65.842916 17.431 -100.00 -100.00 -100.00
 177    29.990 56410.25877012 18.83 150.785750  65.843333 16.638 -100.00 -100.00 -100.00
 178    31.064 56420.17440463 44.87 150.772172  65.842001   -100 -100.00 -100.00 -100.00
 178    30.681 56420.17440522 51.29 150.778500  65.842419 20.648 -100.00 -100.00 -100.00
 178    30.628 56420.17440581 48.47 150.784828  65.842836 17.664 -100.00 -100.00 -100.00
 179    36.132 56430.09004075 44.87 150.768383  65.840887   -100 -100.00 -100.00 -100.00
 179    36.230 56430.09004134 43.29 150.774710  65.841305   -100 -100.00 -100.00 -100.00
 179    36.044 56430.09004193 45.74 150.781038  65.841723   -100 -100.00 -100.00 -100.00
 179    36.005 56430.09004252 47.27 150.787366  65.842140  2.694 -100.00 -100.00 -100.00
 180    32.695 56440.00569393 44.93 150.768144  65.840784 29.890 -100.00 -100.00 -100.00
 180    32.502 56440.00569452 46.80 150.774471  65.841201   -100 -100.00 -100.00 -100.00
 180    32.514 56440.00569511 49.33 150.780799  65.841619   -100 -100.00 -100.00 -100.00
 180    32.307 56440.00569570 49.87 150.787127  65.842036  5.607 -100.00 -100.00 -100.00
 181    32.099 56449.92134482 34.90 150.769872  65.840982   -100 -100.00 -100.00 -100.00
 181    32.393 56449.92134541 28.23 150.776199  65.841400 16.145 -100.00 -100.00 -100.00
 181    35.598 56449.92134600 30.00 150.782527  65.841817 19.149 -100.00 -100.00 -100.00
 181    35.261 56449.92134659 33.57 150.788855  65.842234 27.263 -100.00 -100.00 -100.00
 182    32.450 56459.83699346 46.28 150.771349  65.840910   -100 -100.00 -100.00 -100.00
 182    32.239 56459.83699405 51.84 150.777676  65.841327 17.431 -100.00 -100.00 -100.00
 182    32.410 56459.83699464 52.11 150.784004  65.841744  4.029 -100.00 -100.00 -100.00
 183    32.338 56469.75263851 35.10 150.770381  65.839894   -100 -100.00 -100.00 -100.00
 183    32.378 56469.75263910 35.52 150.776708  65.840311   -100 -100.00 -100.00 -100.00
 183    35.637 56469.75263969 30.09 150.783035  65.840728 20.737 -100.00 -100.00 -100.00
 183    35.631 56469.75264028 36.84 150.789363  65.841145   -100 -100.00 -100.00 -100.00
 184    31.431 56479.66827960 44.08 150.767950  65.838712   -100 -100.00 -100.00 -100.00
 184    31.461 56479.66828019 47.13 150.774276  65.839130   -100 -100.00 -100.00 -100.00
 184    31.226 56479.66828078 46.76 150.780603  65.839547  4.997 -100.00 -100.00 -100.00
 184    31.116 56479.66828137 45.43 150.786930  65.839964   -100 -100.00 -100.00 -100.00
 185    30.600 56489.58391716 38.69 150.770116  65.838030   -100 -100.00 -100.00 -100.00
 185    30.553 56489.58391775 39.17 150.776443  65.838448   -100 -100.00 -100.00 -100.00
 185    30.651 56489.58391834 40.37 150.782769  65.838865   -100 -100.00 -100.00 -100.00
 185    35.507 56489.58391893 40.26 150.789096  65.839282   -100 -100.00 -100.00 -100.00
 186    31.585 56499.49955197 40.83 150.769030  65.837959   -100 -100.00 -100.00 -100.00
 186    31.287 56499.49955256 39.66 150.775356  65.838377   -100 -100.00 -100.00 -100.00
 186    33.337 56499.49955315 33.88 150.781683  65.838794 22.128 -100.00 -100.00 -100.00
 186    34.806 56499.49955374 41.07 150.788009  65.839211   -100 -100.00 -100.00 -100.00
 187    31.799 56509.41518555 40.02 150.768257  65.838274   -100 -100.00 -100.00 -100.00
 187    31.572 56509.41518614 40.40 150.774583  65.838692   -100 -100.00 -100.00 -100.00
 187    31.893 56509.41518673 39.57 150.780910  65.839109   -100 -100.00 -100.00 -100.00
 187    35.519 56509.41518732 40.54 150.787237  65.839527 31.200 -100.00 -100.00 -100.00
 188    33.330 56519.33082692 45.00 150.768685  65.838855   -100 -100.00 -100.00 -100.00
 188    33.270 56519.33082751 47.41 150.775012  65.839273   -100 -100.00 -100.00 -100.00
 188    33.278 56519.33082810 50.36 150.781339  65.839691   -100 -100.00 -100.00 -100.00
 188    33.240 56519.33082869 48.96 150.787666  65.840108   -100 -100.00 -100.00 -100.00
 189    34.611 56529.24648066 33.91 150.767787  65.839086 26.263 -100.00 -100.00 -100.00
 189    34.584 56529.24648125 33.01 150.774114  65.839504 22.742 -100.00 -100.00 -100.00
 189    34.999 56529.24648184 28.78 150.780441  65.839921  9.924 -100.00 -100.00 -100.00
 189    35.902 56529.24648243 37.87 150.786769  65.840339   -100 -100.00 -100.00 -100.00
 190    33.096 56539.16213038 43.13 150.768016  65.838925   -100 -100.00 -100.00 -100.00
 190    32.883 56539.16213097 46.27 150.774344  65.839343   -100 -100.00 -100.00 -100.00
 190    32.836 56539.16213157 46.48 150.780671  65.839761  2.093 -100.00 -100.00 -100.00
 190    33.195 56539.16213216 48.66 150.786999  65.840178   -100 -100.00 -100.00 -100.00
 191    31.520 56549.07777611 27.51 150.770681  65.838861 17.385 -100.00 -100.00 -100.00
 191    35.345 56549.07777670 25.14 150.777008  65.839278 11.852 -100.00 -100.00 -100.00
 191    35.883 56549.07777729 26.83 150.783336  65.839696 11.384 -100.00 -100.00 -100.00
 191    36.042 56549.07777789 33.16 150.789664  65.840113 19.646 -100.00 -100.00 -100.00
 192    31.212 56558.99341928 40.06 150.771727  65.839556   -100 -100.00 -100.00 -100.00
 192    31.280 56558.99341987 41.48 150.778055  65.839974   -100 -100.00 -100.00 -100.00
 192    33.567 56558.99342046 42.46 150.784383  65.840391   -100 -100.00 -100.00 -100.00
 193    29.964 56568.90906128 38.48 150.770165  65.840632   -100 -100.00 -100.00 -100.00
 193    30.025 56568.90906187 38.88 150.776493  65.841050   -100 -100.00 -100.00 -100.00
 193    34.850 56568.90906246 34.21 150.782821  65.841467 20.784 -100.00 -100.00 -100.00
 193    34.887 56568.90906306 33.61 150.789149  65.841884 17.517 -100.00 -100.00 -100.00
 194    29.555 56578.82470193 36.76 150.767993  65.841757 26.247 -100.00 -100.00 -100.00
 194    29.691 56578.82470252 37.92 150.774321  65.842174 24.309 -100.00 -100.00 -100.00
 194    29.968 56578.82470311 39.85 150.780649  65.842592 27.768 -100.00 -100.00 -100.00
 194    29.810 56578.82470370 42.05 150.786977  65.843009 31.104 -100.00 -100.00 -100.00
 195    30.073 56588.74033918 38.58 150.770353  65.842040   -100 -100.00 -100.00 -100.00
 195    30.055 56588.74033977 40.04 150.776681  65.842458   -100 -100.00 -100.00 -100.00
 195    30.305 56588.74034036 35.10 150.783009  65.842875 23.462 -100.00 -100.00 -100.00
 195    30.140 56588.74034095 35.24 150.789337  65.843292 27.107 -100.00 -100.00 -100.00
 196    32.901 56598.65598264 24.14 150.768898  65.841367  5.919 -100.00 -100.00 -100.00
 196    31.830 56598.65598323 24.55 150.775226  65.841785  6.527 -100.00 -100.00 -100.00
 196    30.200 56598.65598382 26.43 150.781553  65.842202  8.432 -100.00 -100.00 -100.00
 196    29.935 56598.65598441 26.36 150.787881  65.842620  8.122 -100.00 -100.00 -100.00
 197    33.603 56608.57163379 20.29 150.770271  65.840918  3.762 -100.00 -100.00 -100.00
 197    33.961 56608.57163438 20.75 150.776598  65.841336  3.804 -100.00 -100.00 -100.00
 197    34.135 56608.57163497 20.69 150.782926  65.841753  3.946 -100.00 -100.00 -100.00
 197    34.221 56608.57163556 21.29 150.789253  65.842170  4.741 -100.00 -100.00 -100.00
 198    34.116 56618.48728006 20.48 150.771543  65.841134  4.753 -100.00 -100.00 -100.00
 198    34.019 56618.48728065 20.94 150.777871  65.841551  4.863 -100.00 -100.00 -100.00
 198    33.841 56618.48728124 21.47 150.784199  65.841969  5.352 -100.00 -100.00 -100.00
 199    34.169 56628.40292290 18.72 150.770996  65.841271  3.109 -100.00 -100.00 -100.00
 199    34.431 56628.40292349 18.91 150.777324  65.841688  3.546 -100.00 -100.00 -100.00
 199    33.998 56628.40292408 19.56 150.783652  65.842105  3.771 -100.00 -100.00 -100.00
 199    33.919 56628.40292467 19.48 150.789980  65.842522  3.828 -100.00 -100.00 -100.00
 200    36.269 56638.31856266 18.68 150.769008  65.840602  3.748 -100.00 -100.00 -100.00
 200    34.341 56638.31856325 19.13 150.775335  65.841020  3.971 -100.00 -100.00 -100.00
 200    34.098 56638.31856384 19.10 150.781663  65.841437  3.279 -100.00 -100.00 -100.00
 200    33.993 56638.31856443 19.69 150.787991  65.841854  4.111 -100.00 -100.00 -100.00
 201    34.279 56648.23420614 18.10 150.769253  65.839146  3.237 -100.00 -100.00 -100.00
 201    34.527 56648.23420673 18.46 150.775581  65.839564  3.074 -100.00 -100.00 -100.00
 201    33.947 56648.23420732 19.92 150.781909  65.839981  5.089 -100.00 -100.00 -100.00
 201    34.885 56648.23420791 19.30 150.788237  65.840399  3.593 -100.00 -100.00 -100.00
 202    34.962 56658.14985754 18.20 150.766641  65.837700  3.234 -100.00 -100.00 -100.00
 202    34.503 56658.14985813 18.34 150.772968  65.838118  2.929 -100.00 -100.00 -100.00
 202    34.476 56658.14985872 18.49 150.779296  65.838535  2.929 -100.00 -100.00 -100.00
 202    33.967 56658.14985931 19.21 150.785624  65.838953  3.831 -100.00 -100.00 -100.00
 203    35.110 56668.06550507 17.95 150.767348  65.837431  4.110 -100.00 -100.00 -100.00
 203    34.464 56668.06550566 18.29 150.773675  65.837849  3.452 -100.00 -100.00 -100.00
 203    34.805 56668.06550625 18.16 150.780003  65.838266  3.251 -100.00 -100.00 -100.00
 203    33.970 56668.06550684 18.38 150.786331  65.838684  3.728 -100.00 -100.00 -100.00
 204    33.274 56677.98115050 19.73 150.771956  65.838872  6.238 -100.00 -100.00 -100.00
 204    34.578 56677.98115109 17.85 150.778283  65.839290  3.003 -100.00 -100.00 -100.00
 204    33.978 56677.98115168 18.42 150.784611  65.839707  3.195 -100.00 -100.00 -100.00
 205    33.579 56687.89679412 17.10 150.771646  65.840111  3.240 -100.00 -100.00 -100.00
 205    33.412 56687.89679471 17.56 150.777974  65.840529  4.150 -100.00 -100.00 -100.00
 205    33.904 56687.89679531 17.82 150.784302  65.840946  3.865 -100.00 -100.00 -100.00
 206    34.036 56697.81243511 16.41 150.767407  65.839993  3.199 -100.00 -100.00 -100.00
 206    34.596 56697.81243570 16.76 150.773735  65.840410  2.997 -100.00 -100.00 -100.00
 206    33.817 56697.81243629 16.88 150.780063  65.840828  3.518 -100.00 -100.00 -100.00
 206    35.337 56697.81243688 17.08 150.786391  65.841245  3.153 -100.00 -100.00 -100.00
 207    34.637 56707.72807226 16.69 150.771985  65.839285  2.934 -100.00 -100.00 -100.00
 207    34.746 56707.72807285 17.31 150.778312  65.839703  3.355 -100.00 -100.00 -100.00
 207    34.901 56707.72807344 17.09 150.784639  65.840120  3.180 -100.00 -100.00 -100.00
 208    36.380 56717.64370868 16.01 150.770272  65.838193  2.772 -100.00 -100.00 -100.00
 208    34.856 56717.64370927 16.38 150.776599  65.838611  3.141 -100.00 -100.00 -100.00
 208    35.323 56717.64370986 16.98 150.782926  65.839028  3.965 -100.00 -100.00 -100.00
 208    35.327 56717.64371045 16.86 150.789253  65.839445  3.150 -100.00 -100.00 -100.00
 210    34.772 56737.47501029 15.10 150.769489  65.840509  2.802 -100.00 -100.00 -100.00
 210    34.280 56737.47501088 15.82 150.775816  65.840927  3.235 -100.00 -100.00 -100.00
 210    33.786 56737.47501147 16.01 150.782144  65.841344  3.364 -100.00 -100.00 -100.00
 210    34.685 56737.47501206 16.49 150.788471  65.841761  4.677 -100.00 -100.00 -100.00
 211    36.084 56747.39065550 15.17 150.768008  65.842290  3.537 -100.00 -100.00 -100.00
 211    34.260 56747.39065609 15.67 150.774336  65.842708  3.387 -100.00 -100.00 -100.00
 211    33.593 56747.39065668 15.81 150.780664  65.843125  3.505 -100.00 -100.00 -100.00
 211    33.828 56747.39065727 16.25 150.786992  65.843542  3.165 -100.00 -100.00 -100.00
 212    34.605 56757.30629663 15.43 150.770961  65.842891  3.496 -100.00 -100.00 -100.00
 212    34.463 56757.30629722 16.09 150.777290  65.843308  3.273 -100.00 -100.00 -100.00
 212    33.786 56757.30629781 15.96 150.783618  65.843725  3.031 -100.00 -100.00 -100.00
 212    34.064 56757.30629840 16.42 150.789946  65.844142  3.322 -100.00 -100.00 -100.00
 213    34.703 56767.22193123 13.14 150.767394  65.841671  2.429 -100.00 -100.00 -100.00
 213    34.116 56767.22193182 13.26 150.773722  65.842088  2.836 -100.00 -100.00 -100.00
 213    34.093 56767.22193241 13.60 150.780050  65.842506  3.185 -100.00 -100.00 -100.00
 213    34.648 56767.22193300 13.72 150.786378  65.842923  3.002 -100.00 -100.00 -100.00
 214    35.065 56777.13757489 11.13 150.766437  65.840472  3.122 -100.00 -100.00 -100.00
 214    34.922 56777.13757548 11.17 150.772764  65.840890  2.955 -100.00 -100.00 -100.00
 214    35.193 56777.13757607 11.75 150.779092  65.841307  3.495 -100.00 -100.00 -100.00
 214    35.430 56777.13757666 11.43 150.785420  65.841725  3.142 -100.00 -100.00 -100.00
 215    34.694 56787.05323144 11.75 150.769582  65.840754  4.412 -100.00 -100.00 -100.00
 215    34.975 56787.05323203 12.94 150.775909  65.841171  5.250 -100.00 -100.00 -100.00
 215    35.122 56787.05323262 12.67 150.782237  65.841589  4.960 -100.00 -100.00 -100.00
 215    35.269 56787.05323321 16.99 150.788566  65.842006 11.129 -100.00 -100.00 -100.00
 216    29.679 56796.96888402 28.61 150.768487  65.841466 28.569 -100.00 -100.00 -100.00
 216    29.908 56796.96888461 25.93 150.774815  65.841883 18.705 -100.00 -100.00 -100.00
 216    29.926 56796.96888520 27.08 150.781144  65.842300 21.007 -100.00 -100.00 -100.00
 216    29.938 56796.96888579 32.27 150.787472  65.842717   -100 -100.00 -100.00 -100.00
 217    36.862 56806.88453194 47.11 150.771697  65.842257   -100 -100.00 -100.00 -100.00
 217    36.878 56806.88453253 50.24 150.778025  65.842674   -100 -100.00 -100.00 -100.00
 217    36.888 56806.88453312 55.32 150.784353  65.843091 13.165 -100.00 -100.00 -100.00
 217    36.933 56806.88453371 55.33 150.790681  65.843507   -100 -100.00 -100.00 -100.00
 218    37.908 56816.80017325 51.73 150.771540  65.841347  9.840 -100.00 -100.00 -100.00
 218    37.936 56816.80017384 56.50 150.777867  65.841764 25.632 -100.00 -100.00 -100.00
 218    38.001 56816.80017443 52.99 150.784195  65.842181   -100 -100.00 -100.00 -100.00
 219    34.204 56826.71581105 30.49 150.771531  65.839429 23.066 -100.00 -100.00 -100.00
 219    36.009 56826.71581164 26.84 150.777858  65.839846 13.431 -100.00 -100.00 -100.00
 219    35.760 56826.71581223 31.84 150.784185  65.840263 22.798 -100.00 -100.00 -100.00
 221    32.726 56846.54707685 48.27 150.771165  65.837406   -100 -100.00 -100.00 -100.00
 221    32.780 56846.54707744 51.29 150.777491  65.837824  0.253 -100.00 -100.00 -100.00
 221    32.823 56846.54707803 53.25 150.783817  65.838241  2.943 -100.00 -100.00 -100.00
 222    31.872 56856.46272609 43.01 150.767135  65.838635 29.412 -100.00 -100.00 -100.00
 222    31.548 56856.46272668 45.30 150.773461  65.839052   -100 -100.00 -100.00 -100.00
 222    31.563 56856.46272727 43.63 150.779787  65.839470   -100 -100.00 -100.00 -100.00
 222    31.322 56856.46272786 44.45 150.786114  65.839887   -100 -100.00 -100.00 -100.00
 223    32.575 56866.37837986 45.35 150.769915  65.840518   -100 -100.00 -100.00 -100.00
 223    32.411 56866.37838045 48.10 150.776243  65.840935   -100 -100.00 -100.00 -100.00
 223    32.355 56866.37838104 46.52 150.782570  65.841352   -100 -100.00 -100.00 -100.00
 223    33.674 56866.37838163 42.41 150.788897  65.841769 29.594 -100.00 -100.00 -100.00
 224    33.249 56876.29403175 42.21 150.766384  65.840498   -100 -100.00 -100.00 -100.00
 224    33.181 56876.29403234 41.04 150.772711  65.840916   -100 -100.00 -100.00 -100.00
 224    33.140 56876.29403293 38.29 150.779038  65.841333   -100 -100.00 -100.00 -100.00
 224    33.172 56876.29403352 37.33 150.785366  65.841750 29.250 -100.00 -100.00 -100.00
 225    31.995 56886.20968114 35.65 150.769652  65.839960   -100 -100.00 -100.00 -100.00
 225    31.821 56886.20968173 31.43 150.775979  65.840377 22.993 -100.00 -100.00 -100.00
 225    34.391 56886.20968232 32.58 150.782307  65.840794 25.128 -100.00 -100.00 -100.00
 225    35.532 56886.20968291 36.99 150.788635  65.841211 29.245 -100.00 -100.00 -100.00
 226    31.383 56896.12532751 32.02 150.770750  65.839060 32.244 -100.00 -100.00 -100.00
 226    34.997 56896.12532810 25.40 150.777077  65.839477 11.346 -100.00 -100.00 -100.00
 226    35.646 56896.12532869 29.62 150.783405  65.839894 19.519 -100.00 -100.00 -100.00
 226    35.915 56896.12532928 34.30 150.789733  65.840311 22.241 -100.00 -100.00 -100.00
 227    30.251 56906.04097044 38.77 150.766532  65.839275   -100 -100.00 -100.00 -100.00
 227    30.320 56906.04097103 40.31 150.772860  65.839692   -100 -100.00 -100.00 -100.00
 227    30.542 56906.04097162 40.27 150.779187  65.840110   -100 -100.00 -100.00 -100.00
 227    30.633 56906.04097221 42.85 150.785515  65.840527   -100 -100.00 -100.00 -100.00
 228    30.282 56915.95661213 39.85 150.772034  65.841479   -100 -100.00 -100.00 -100.00
 228    30.641 56915.95661272 40.58 150.778362  65.841896   -100 -100.00 -100.00 -100.00
 228    30.476 56915.95661331 42.96 150.784690  65.842313   -100 -100.00 -100.00 -100.00
 229    30.189 56925.87225096 42.21 150.767183  65.842999   -100 -100.00 -100.00 -100.00
 229    30.086 56925.87225155 43.31 150.773511  65.843416   -100 -100.00 -100.00 -100.00
 229    30.069 56925.87225215 48.39 150.779839  65.843833  6.895 -100.00 -100.00 -100.00
 229    30.188 56925.87225274 48.77 150.786168  65.844250   -100 -100.00 -100.00 -100.00
 230    29.912 56935.78788691 37.23 150.766610  65.843313 24.472 -100.00 -100.00 -100.00
 230    29.493 56935.78788750 40.98 150.772938  65.843731   -100 -100.00 -100.00 -100.00
 230    29.300 56935.78788810 37.48 150.779266  65.844148   -100 -100.00 -100.00 -100.00
 230    33.406 56935.78788869 33.54 150.785595  65.844565 22.268 -100.00 -100.00 -100.00
 231    29.545 56945.70351799 41.24 150.771240  65.842092 32.304 -100.00 -100.00 -100.00
 231    29.718 56945.70351859 43.27 150.777567  65.842510   -100 -100.00 -100.00 -100.00
 231    29.490 56945.70351918 45.08 150.783895  65.842928   -100 -100.00 -100.00 -100.00
 231    29.381 56945.70351977 44.64 150.790223  65.843345   -100 -100.00 -100.00 -100.00
 232    29.726 56955.61916932 35.82 150.767614  65.840166 27.247 -100.00 -100.00 -100.00
 232    29.963 56955.61916991 37.02 150.773941  65.840584 31.809 -100.00 -100.00 -100.00
 232    29.921 56955.61917050 39.10 150.780268  65.841001   -100 -100.00 -100.00 -100.00
 232    29.716 56955.61917109 39.87 150.786595  65.841419   -100 -100.00 -100.00 -100.00
 233    33.713 56965.53481856 16.95 150.767411  65.839535  3.272 -100.00 -100.00 -100.00
 233    34.298 56965.53481915 17.72 150.773738  65.839953  4.122 -100.00 -100.00 -100.00
 233    33.857 56965.53481974 17.85 150.780065  65.840370  4.005 -100.00 -100.00 -100.00
 233    34.858 56965.53482033 18.17 150.786393  65.840787  4.682 -100.00 -100.00 -100.00
 234    34.157 56975.45046339 16.09 150.766669  65.840434  3.678 -100.00 -100.00 -100.00
 234    34.390 56975.45046398 16.64 150.772996  65.840851  3.194 -100.00 -100.00 -100.00
 234    34.597 56975.45046457 16.71 150.779324  65.841269  3.672 -100.00 -100.00 -100.00
 234    34.871 56975.45046516 16.71 150.785652  65.841686  3.001 -100.00 -100.00 -100.00
 235    34.275 56985.36610417 16.01 150.770290  65.841764  3.054 -100.00 -100.00 -100.00
 235    34.598 56985.36610476 16.31 150.776618  65.842182  3.217 -100.00 -100.00 -100.00
 235    34.431 56985.36610535 16.85 150.782946  65.842599  3.429 -100.00 -100.00 -100.00
 235    34.656 56985.36610594 17.05 150.789274  65.843016  3.572 -100.00 -100.00 -100.00
 236    33.962 56995.28173891 16.12 150.767440  65.840944  2.646 -100.00 -100.00 -100.00
 236    34.255 56995.28173950 16.65 150.773767  65.841362  3.176 -100.00 -100.00 -100.00
 236    34.556 56995.28174009 16.84 150.780095  65.841780  3.926 -100.00 -100.00 -100.00
 236    34.953 56995.28174068 16.80 150.786423  65.842197  2.925 -100.00 -100.00 -100.00
 237    34.472 57005.19738055 16.33 150.769444  65.838830  2.830 -100.00 -100.00 -100.00
 237    34.984 57005.19738114 17.03 150.775771  65.839248  3.324 -100.00 -100.00 -100.00
 237    35.028 57005.19738173 16.98 150.782099  65.839665  3.132 -100.00 -100.00 -100.00
 237    35.396 57005.19738232 16.97 150.788427  65.840083  3.518 -100.00 -100.00 -100.00
 238    34.304 57015.11303594 16.51 150.771630  65.837082  3.353 -100.00 -100.00 -100.00
 238    34.925 57015.11303653 16.33 150.777958  65.837500  2.718 -100.00 -100.00 -100.00
 238    35.092 57015.11303712 16.39 150.784285  65.837917  3.006 -100.00 -100.00 -100.00
 239    34.731 57025.02868639 15.80 150.767911  65.836874  2.759 -100.00 -100.00 -100.00
 239    34.671 57025.02868698 16.25 150.774238  65.837292  3.172 -100.00 -100.00 -100.00
 239    35.177 57025.02868757 16.32 150.780565  65.837709  2.955 -100.00 -100.00 -100.00
 239    35.294 57025.02868816 16.69 150.786893  65.838127  2.996 -100.00 -100.00 -100.00
 240    34.192 57034.94433494 15.69 150.767264  65.839021  2.630 -100.00 -100.00 -100.00
 240    34.764 57034.94433553 16.03 150.773591  65.839439  2.861 -100.00 -100.00 -100.00
 240    34.836 57034.94433612 16.30 150.779919  65.839856  3.585 -100.00 -100.00 -100.00
 240    35.172 57034.94433671 16.19 150.786247  65.840273  2.906 -100.00 -100.00 -100.00
 241    34.496 57044.85998135 15.86 150.771030  65.841237  3.015 -100.00 -100.00 -100.00
 241    34.706 57044.85998194 16.03 150.777358  65.841654  2.838 -100.00 -100.00 -100.00
 241    34.804 57044.85998254 16.50 150.783686  65.842072  2.740 -100.00 -100.00 -100.00
 241    35.033 57044.85998313 16.65 150.790014  65.842488  3.084 -100.00 -100.00 -100.00
 242    34.384 57054.77562429 15.92 150.770020  65.841365  2.748 -100.00 -100.00 -100.00
 242    34.717 57054.77562488 16.21 150.776347  65.841783  3.201 -100.00 -100.00 -100.00
 242    34.816 57054.77562547 16.40 150.782675  65.842200  3.142 -100.00 -100.00 -100.00
 242    34.977 57054.77562606 16.66 150.789004  65.842617  3.491 -100.00 -100.00 -100.00
 243    34.300 57064.69126229 15.49 150.768759  65.839625  2.981 -100.00 -100.00 -100.00
 243    34.483 57064.69126288 15.60 150.775086  65.840042  3.354 -100.00 -100.00 -100.00
 243    34.959 57064.69126347 15.67 150.781413  65.840460  3.197 -100.00 -100.00 -100.00
 243    35.086 57064.69126406 16.01 150.787741  65.840877  3.175 -100.00 -100.00 -100.00
 244    34.151 57074.60689540 15.51 150.766142  65.838217  2.802 -100.00 -100.00 -100.00
 244    34.628 57074.60689599 15.70 150.772468  65.838635  2.904 -100.00 -100.00 -100.00
 244    35.120 57074.60689658 15.80 150.778795  65.839052  3.188 -100.00 -100.00 -100.00
 244    35.272 57074.60689717 16.16 150.785122  65.839470  3.433 -100.00 -100.00 -100.00
 245    34.583 57084.52252595 15.10 150.771119  65.838870  3.159 -100.00 -100.00 -100.00
 245    34.947 57084.52252654 15.46 150.777446  65.839288  3.189 -100.00 -100.00 -100.00
 245    35.079 57084.52252713 16.11 150.783773  65.839705  3.926 -100.00 -100.00 -100.00
 246    34.327 57094.43817887 15.19 150.770274  65.841271  2.927 -100.00 -100.00 -100.00
 246    34.698 57094.43817946 15.61 150.776601  65.841689  3.469 -100.00 -100.00 -100.00
 246    34.949 57094.43818005 15.75 150.782928  65.842106  2.949 -100.00 -100.00 -100.00
 246    35.126 57094.43818064 16.39 150.789256  65.842523  4.158 -100.00 -100.00 -100.00
 247    34.307 57104.35383564 15.33 150.770741  65.843506  3.346 -100.00 -100.00 -100.00
 247    34.571 57104.35383623 15.49 150.777069  65.843924  3.268 -100.00 -100.00 -100.00
 247    34.729 57104.35383682 15.62 150.783398  65.844341  3.414 -100.00 -100.00 -100.00
 247    34.927 57104.35383741 15.86 150.789726  65.844758  3.097 -100.00 -100.00 -100.00
 248    34.223 57114.26948778 13.86 150.767023  65.843642  2.455 -100.00 -100.00 -100.00
 248    34.376 57114.26948837 14.16 150.773351  65.844060  3.217 -100.00 -100.00 -100.00
 248    34.489 57114.26948896 14.55 150.779680  65.844477  3.394 -100.00 -100.00 -100.00
 248    34.674 57114.26948955 14.77 150.786009  65.844894  3.738 -100.00 -100.00 -100.00
 249    34.410 57124.18513416 13.65 150.768447  65.842106  2.862 -100.00 -100.00 -100.00
 249    34.844 57124.18513475 14.43 150.774775  65.842524  3.141 -100.00 -100.00 -100.00
 249    34.949 57124.18513534 14.19 150.781103  65.842941  3.004 -100.00 -100.00 -100.00
 249    34.948 57124.18513593 15.15 150.787432  65.843358  4.462 -100.00 -100.00 -100.00
 250    34.546 57134.10077490 13.01 150.766693  65.840111  3.240 -100.00 -100.00 -100.00
 250    34.778 57134.10077549 13.15 150.773021  65.840529  2.944 -100.00 -100.00 -100.00
 250    34.985 57134.10077608 13.69 150.779349  65.840946  3.648 -100.00 -100.00 -100.00
 250    35.252 57134.10077667 13.62 150.785677  65.841363  2.992 -100.00 -100.00 -100.00
 251    35.366 57144.01641162 10.33 150.769611  65.839437  3.122 -100.00 -100.00 -100.00
 251    34.919 57144.01641221 10.62 150.775938  65.839854  3.143 -100.00 -100.00 -100.00
 251    35.028 57144.01641280 10.92 150.782266  65.840272  3.283 -100.00 -100.00 -100.00
 251    35.103 57144.01641339 11.48 150.788594  65.840689  3.980 -100.00 -100.00 -100.00
 252    32.814 57153.93204529 11.63 150.767942  65.839941  8.496 -100.00 -100.00 -100.00
 252    34.245 57153.93204588 10.08 150.774269  65.840358  5.583 -100.00 -100.00 -100.00
 252    34.691 57153.93204647 10.43 150.780597  65.840776  6.280 -100.00 -100.00 -100.00
 252    35.224 57153.93204706 10.99 150.786924  65.841193  6.105 -100.00 -100.00 -100.00
 253    29.945 57163.84768123 33.77 150.766543  65.840600 30.308 -100.00 -100.00 -100.00
 253    29.821 57163.84768182 36.37 150.772870  65.841018   -100 -100.00 -100.00 -100.00
 253    30.225 57163.84768241 37.97 150.779198  65.841435   -100 -100.00 -100.00 -100.00
 253    30.266 57163.84768300 39.43 150.785525  65.841853   -100 -100.00 -100.00 -100.00
 254    33.375 57173.76333826 45.40 150.768483  65.840888   -100 -100.00 -100.00 -100.00
 254    33.286 57173.76333885 48.77 150.774810  65.841306   -100 -100.00 -100.00 -100.00
 254    33.045 57173.76333944 51.30 150.781138  65.841723 16.390 -100.00 -100.00 -100.00
 254    33.167 57173.76334003 47.43 150.787465  65.842140   -100 -100.00 -100.00 -100.00
 255    34.140 57183.67899188 46.44 150.769745  65.839475 28.470 -100.00 -100.00 -100.00
 255    33.656 57183.67899247 50.87 150.776072  65.839893   -100 -100.00 -100.00 -100.00
 255    33.657 57183.67899306 52.00 150.782399  65.840310  0.582 -100.00 -100.00 -100.00
 255    33.614 57183.67899365 51.43 150.788726  65.840727   -100 -100.00 -100.00 -100.00
 256    32.190 57193.59464128 35.03 150.767720  65.837549   -100 -100.00 -100.00 -100.00
 256    31.992 57193.59464187 34.79 150.774046  65.837966   -100 -100.00 -100.00 -100.00
 256    33.224 57193.59464246 33.54 150.780372  65.838384 30.142 -100.00 -100.00 -100.00
 256    35.977 57193.59464305 31.19 150.786698  65.838801 17.984 -100.00 -100.00 -100.00
 257    32.360 57203.51028846 44.95 150.766366  65.837183   -100 -100.00 -100.00 -100.00
 257    32.183 57203.51028905 47.56 150.772692  65.837601   -100 -100.00 -100.00 -100.00
 257    32.062 57203.51028964 49.82 150.779018  65.838018 11.604 -100.00 -100.00 -100.00
 257    32.089 57203.51029024 46.63 150.785344  65.838435  2.855 -100.00 -100.00 -100.00
 258    30.559 57213.42592288 40.11 150.770206  65.839034   -100 -100.00 -100.00 -100.00
 258    30.708 57213.42592347 43.56 150.776532  65.839451   -100 -100.00 -100.00 -100.00
 258    30.811 57213.42592406 44.29 150.782859  65.839869   -100 -100.00 -100.00 -100.00
 258    33.380 57213.42592465 46.20 150.789186  65.840285   -100 -100.00 -100.00 -100.00
 259    30.148 57223.34156660 34.48 150.768100  65.840844   -100 -100.00 -100.00 -100.00
 259    30.173 57223.34156719 27.74 150.774428  65.841262 23.335 -100.00 -100.00 -100.00
 259    35.029 57223.34156778 27.19 150.780755  65.841679 16.775 -100.00 -100.00 -100.00
 259    35.409 57223.34156837 30.65 150.787083  65.842096 20.074 -100.00 -100.00 -100.00
 260    30.233 57233.25720864 38.28 150.766586  65.841353   -100 -100.00 -100.00 -100.00
 260    30.208 57233.25720923 38.33 150.772913  65.841771   -100 -100.00 -100.00 -100.00
 260    30.332 57233.25720982 36.69 150.779241  65.842188   -100 -100.00 -100.00 -100.00
 260    30.411 57233.25721041 33.88 150.785569  65.842605 25.890 -100.00 -100.00 -100.00
 261    30.612 57243.17284781 40.96 150.766176  65.840417   -100 -100.00 -100.00 -100.00
 261    30.611 57243.17284840 42.42 150.772504  65.840835   -100 -100.00 -100.00 -100.00
 261    30.663 57243.17284899 44.20 150.778832  65.841253   -100 -100.00 -100.00 -100.00
 261    30.793 57243.17284958 42.98 150.785159  65.841670   -100 -100.00 -100.00 -100.00
 262    31.344 57253.08848454 42.47 150.767084  65.839163   -100 -100.00 -100.00 -100.00
 262    31.322 57253.08848513 44.59 150.773412  65.839581   -100 -100.00 -100.00 -100.00
 262    31.070 57253.08848572 46.63 150.779739  65.839998  6.144 -100.00 -100.00 -100.00
 262    33.367 57253.08848631 43.19 150.786067  65.840416   -100 -100.00 -100.00 -100.00
 263    30.576 57263.00411958 38.48 150.766075  65.839216   -100 -100.00 -100.00 -100.00
 263    30.696 57263.00412017 37.30 150.772403  65.839634   -100 -100.00 -100.00 -100.00
 263    30.672 57263.00412076 38.93 150.778730  65.840052   -100 -100.00 -100.00 -100.00
 263    35.545 57263.00412135 35.29 150.785058  65.840469 24.403 -100.00 -100.00 -100.00
 264    30.106 57272.91975662 40.58 150.769644  65.841108   -100 -100.00 -100.00 -100.00
 264    30.306 57272.91975721 42.41 150.775971  65.841526   -100 -100.00 -100.00 -100.00
 264    30.277 57272.91975780 43.18 150.782299  65.841944   -100 -100.00 -100.00 -100.00
 264    30.347 57272.91975839 43.86 150.788627  65.842361   -100 -100.00 -100.00 -100.00
 265    30.318 57282.83541373 42.08 150.765952  65.842912   -100 -100.00 -100.00 -100.00
 265    30.579 57282.83541432 43.02 150.772280  65.843330   -100 -100.00 -100.00 -100.00
 265    30.592 57282.83541491 45.45 150.778608  65.843747   -100 -100.00 -100.00 -100.00
 265    30.520 57282.83541550 48.34 150.784937  65.844165   -100 -100.00 -100.00 -100.00
 266    30.108 57292.75106859 42.42 150.766840  65.843345   -100 -100.00 -100.00 -100.00
 266    30.316 57292.75106918 43.19 150.773168  65.843763   -100 -100.00 -100.00 -100.00
 266    30.822 57292.75106977 44.43 150.779496  65.844180   -100 -100.00 -100.00 -100.00
 266    30.474 57292.75107036 45.33 150.785824  65.844598   -100 -100.00 -100.00 -100.00
 267    30.084 57302.66672002 42.06 150.767832  65.841997   -100 -100.00 -100.00 -100.00
 267    30.183 57302.66672061 43.48 150.774159  65.842415   -100 -100.00 -100.00 -100.00
 267    30.256 57302.66672120 47.78 150.780487  65.842832   -100 -100.00 -100.00 -100.00
 267    29.982 57302.66672179 48.97 150.786815  65.843249 14.800 -100.00 -100.00 -100.00
 268    29.393 57312.58236747 38.59 150.767253  65.840044 29.187 -100.00 -100.00 -100.00
 268    29.825 57312.58236806 40.18 150.773580  65.840461 25.682 -100.00 -100.00 -100.00
 268    29.566 57312.58236865 41.40 150.779907  65.840878 32.226 -100.00 -100.00 -100.00
 268    29.488 57312.58236924 45.36 150.786235  65.841295   -100 -100.00 -100.00 -100.00
 269    29.900 57322.49801197 31.03 150.769350  65.839395 18.079 -100.00 -100.00 -100.00
 269    30.024 57322.49801256 32.50 150.775677  65.839812 19.515 -100.00 -100.00 -100.00
 269    30.049 57322.49801315 29.78 150.782004  65.840229 15.699 -100.00 -100.00 -100.00
 269    34.828 57322.49801374 26.92 150.788331  65.840646  9.361 -100.00 -100.00 -100.00
 270    34.398 57332.41365427 19.28 150.769855  65.840036  3.131 -100.00 -100.00 -100.00
 270    34.231 57332.41365486 20.40 150.776182  65.840453  4.951 -100.00 -100.00 -100.00
 270    34.785 57332.41365545 19.88 150.782510  65.840870  3.367 -100.00 -100.00 -100.00
 270    34.794 57332.41365604 21.54 150.788837  65.841287  5.949 -100.00 -100.00 -100.00
 271    34.172 57342.32929444 19.09 150.768863  65.840982  2.919 -100.00 -100.00 -100.00
 271    34.357 57342.32929503 19.62 150.775190  65.841399  3.239 -100.00 -100.00 -100.00
 271    34.490 57342.32929562 19.87 150.781518  65.841817  3.367 -100.00 -100.00 -100.00
 271    34.908 57342.32929622 20.27 150.787846  65.842234  3.415 -100.00 -100.00 -100.00
 272    34.196 57352.24494663 19.03 150.770350  65.841067  3.834 -100.00 -100.00 -100.00
 272    34.546 57352.24494722 19.29 150.776678  65.841484  3.594 -100.00 -100.00 -100.00
 272    34.775 57352.24494781 19.47 150.783007  65.841902  3.830 -100.00 -100.00 -100.00
 272    34.942 57352.24494840 19.71 150.789335  65.842318  3.822 -100.00 -100.00 -100.00
 273    34.488 57362.16059067 18.57 150.767137  65.839445  3.183 -100.00 -100.00 -100.00
 273    34.575 57362.16059126 18.66 150.773465  65.839862  3.257 -100.00 -100.00 -100.00
 273    35.233 57362.16059185 19.24 150.779793  65.840280  3.407 -100.00 -100.00 -100.00
 273    35.338 57362.16059245 21.23 150.786121  65.840697  6.050 -100.00 -100.00 -100.00
 274    34.149 57372.07623179 18.62 150.767627  65.837684  3.084 -100.00 -100.00 -100.00
 274    34.556 57372.07623238 18.50 150.773955  65.838102  2.850 -100.00 -100.00 -100.00
 274    34.875 57372.07623297 18.77 150.780282  65.838519  3.152 -100.00 -100.00 -100.00
 274    35.043 57372.07623356 19.30 150.786610  65.838936  3.521 -100.00 -100.00 -100.00
 275    36.073 57381.99187082 18.10 150.765953  65.837350  2.784 -100.00 -100.00 -100.00
 275    34.441 57381.99187141 19.62 150.772280  65.837768  4.941 -100.00 -100.00 -100.00
 275    34.378 57381.99187200 18.70 150.778608  65.838186  3.306 -100.00 -100.00 -100.00
 275    35.083 57381.99187259 19.24 150.784935  65.838603  4.180 -100.00 -100.00 -100.00
 276    33.320 57391.90750957 18.85 150.767176  65.838653  4.352 -100.00 -100.00 -100.00
 276    34.414 57391.90751016 19.50 150.773504  65.839070  5.011 -100.00 -100.00 -100.00
 276    34.801 57391.90751075 18.67 150.779831  65.839488  3.602 -100.00 -100.00 -100.00
 276    34.960 57391.90751134 19.23 150.786159  65.839905  3.815 -100.00 -100.00 -100.00
 277    34.082 57401.82314729 16.73 150.767468  65.840139  3.165 -100.00 -100.00 -100.00
 277    34.625 57401.82314788 16.46 150.773796  65.840557  2.556 -100.00 -100.00 -100.00
 277    35.050 57401.82314847 17.73 150.780124  65.840975  3.776 -100.00 -100.00 -100.00
 277    35.196 57401.82314906 17.39 150.786452  65.841392  3.229 -100.00 -100.00 -100.00
 278    34.235 57411.73878956 16.64 150.768535  65.840712  2.939 -100.00 -100.00 -100.00
 278    34.636 57411.73879015 17.18 150.774863  65.841130  3.079 -100.00 -100.00 -100.00
 278    35.069 57411.73879074 17.59 150.781191  65.841547  3.433 -100.00 -100.00 -100.00
 278    35.046 57411.73879133 18.74 150.787518  65.841965  5.328 -100.00 -100.00 -100.00
 279    34.177 57421.65444154 16.87 150.769762  65.840448  3.103 -100.00 -100.00 -100.00
 279    34.953 57421.65444213 16.89 150.776089  65.840866  3.481 -100.00 -100.00 -100.00
 279    34.676 57421.65444272 19.66 150.782417  65.841283  6.390 -100.00 -100.00 -100.00
 279    35.173 57421.65444331 18.38 150.788744  65.841700  4.195 -100.00 -100.00 -100.00
 280    34.138 57431.57009069 16.27 150.768970  65.840201  3.151 -100.00 -100.00 -100.00
 280    34.614 57431.57009128 16.98 150.775297  65.840619  3.448 -100.00 -100.00 -100.00
 280    34.777 57431.57009187 18.83 150.781625  65.841036  5.324 -100.00 -100.00 -100.00
 280    35.136 57431.57009246 17.19 150.787952  65.841453  3.289 -100.00 -100.00 -100.00
 281    34.183 57441.48573807 15.47 150.769126  65.840872  2.873 -100.00 -100.00 -100.00
 281    34.521 57441.48573866 16.64 150.775453  65.841290  4.852 -100.00 -100.00 -100.00
 281    34.881 57441.48573925 16.76 150.781781  65.841707  3.755 -100.00 -100.00 -100.00
 281    34.960 57441.48573984 17.14 150.788109  65.842124  4.454 -100.00 -100.00 -100.00
 282    34.483 57451.40138492 16.36 150.771828  65.842336  3.981 -100.00 -100.00 -100.00
 282    34.561 57451.40138551 16.79 150.778156  65.842753  3.844 -100.00 -100.00 -100.00
 282    34.787 57451.40138610 17.14 150.784484  65.843170  4.351 -100.00 -100.00 -100.00
 283    34.120 57461.31702963 15.58 150.768633  65.842951  3.154 -100.00 -100.00 -100.00
 283    34.290 57461.31703022 16.47 150.774962  65.843368  4.036 -100.00 -100.00 -100.00
 283    34.673 57461.31703081 16.50 150.781290  65.843785  4.046 -100.00 -100.00 -100.00
 283    34.977 57461.31703140 16.57 150.787619  65.844202  3.723 -100.00 -100.00 -100.00
 284    34.246 57471.23267113 15.28 150.767989  65.842482  2.573 -100.00 -100.00 -100.00
 284    34.619 57471.23267172 16.16 150.774318  65.842900  3.480 -100.00 -100.00 -100.00
 284    34.746 57471.23267231 16.39 150.780646  65.843318  3.537 -100.00 -100.00 -100.00
 284    34.939 57471.23267290 16.42 150.786975  65.843735  4.493 -100.00 -100.00 -100.00
 285    34.391 57481.14830860 15.53 150.767306  65.841035  3.797 -100.00 -100.00 -100.00
 285    34.766 57481.14830919 15.31 150.773634  65.841453  3.123 -100.00 -100.00 -100.00
 285    34.966 57481.14830978 15.74 150.779962  65.841870  3.071 -100.00 -100.00 -100.00
 285    34.862 57481.14831037 16.89 150.786291  65.842288  4.457 -100.00 -100.00 -100.00
 286    34.709 57491.06394333 15.34 150.769961  65.839735  3.985 -100.00 -100.00 -100.00
 286    34.791 57491.06394392 15.14 150.776288  65.840153  3.746 -100.00 -100.00 -100.00
 286    35.079 57491.06394451 16.13 150.782616  65.840570  4.466 -100.00 -100.00 -100.00
 286    35.299 57491.06394510 15.89 150.788944  65.840987  3.878 -100.00 -100.00 -100.00
 287    34.578 57500.97957548 14.86 150.766750  65.838857  4.109 -100.00 -100.00 -100.00
 287    34.736 57500.97957607 14.67 150.773077  65.839275  3.183 -100.00 -100.00 -100.00
 287    35.071 57500.97957666 15.86 150.779405  65.839693  5.343 -100.00 -100.00 -100.00
 287    35.018 57500.97957725 17.54 150.785732  65.840110  7.294 -100.00 -100.00 -100.00
 288    34.443 57510.89522310  9.83 150.770192  65.839424  6.229 -100.00 -100.00 -100.00
 288    30.398 57510.89522369 11.60 150.776519  65.839842  8.428 -100.00 -100.00 -100.00
 288    31.827 57510.89522428 11.45 150.782847  65.840260  8.676 -100.00 -100.00 -100.00
 288    29.692 57510.89522487 12.79 150.789174  65.840677  9.852 -100.00 -100.00 -100.00
 289    29.535 57520.81087867 35.61 150.770540  65.839979   -100 -100.00 -100.00 -100.00
 289    29.712 57520.81087926 34.45 150.776867  65.840397   -100 -100.00 -100.00 -100.00
 289    29.705 57520.81087985 34.59 150.783195  65.840814   -100 -100.00 -100.00 -100.00
 289    29.746 57520.81088044 33.97 150.789522  65.841231   -100 -100.00 -100.00 -100.00
 290    33.609 57530.72653122 37.00 150.766086  65.839642   -100 -100.00 -100.00 -100.00
 290    33.163 57530.72653181 34.76 150.772412  65.840060   -100 -100.00 -100.00 -100.00
 290    35.725 57530.72653240 24.54 150.778740  65.840477  9.331 -100.00 -100.00 -100.00
 290    35.666 57530.72653299 31.85 150.785067  65.840894 23.279 -100.00 -100.00 -100.00
 291    32.146 57540.64218140 46.73 150.771700  65.839249   -100 -100.00 -100.00 -100.00
 291    31.907 57540.64218199 48.89 150.778026  65.839666 11.940 -100.00 -100.00 -100.00
 291    31.768 57540.64218258 50.34 150.784353  65.840083 12.622 -100.00 -100.00 -100.00
 292    30.958 57550.55782827 44.58 150.772028  65.838495   -100 -100.00 -100.00 -100.00
 292    30.519 57550.55782886 45.89 150.778355  65.838913  3.616 -100.00 -100.00 -100.00
 292    30.709 57550.55782945 43.48 150.784681  65.839330   -100 -100.00 -100.00 -100.00
 293    30.225 57560.47347353 42.70 150.769452  65.838389 19.980 -100.00 -100.00 -100.00
 293    30.404 57560.47347412 40.21 150.775778  65.838806   -100 -100.00 -100.00 -100.00
 293    30.070 57560.47347471 33.77 150.782105  65.839223   -100 -100.00 -100.00 -100.00
 293    35.840 57560.47347530 38.54 150.788432  65.839640   -100 -100.00 -100.00 -100.00
 294    30.718 57570.38911836 41.37 150.767249  65.839264 31.397 -100.00 -100.00 -100.00
 294    30.558 57570.38911895 43.66 150.773576  65.839681   -100 -100.00 -100.00 -100.00
 294    30.693 57570.38911954 47.27 150.779902  65.840099   -100 -100.00 -100.00 -100.00
 294    30.566 57570.38912013 48.74 150.786230  65.840516  3.193 -100.00 -100.00 -100.00
 295    31.324 57580.30476323 43.33 150.767677  65.840358 26.587 -100.00 -100.00 -100.00
 295    30.909 57580.30476382 46.94 150.774004  65.840775   -100 -100.00 -100.00 -100.00
 295    30.999 57580.30476441 51.97 150.780332  65.841193   -100 -100.00 -100.00 -100.00
 295    30.808 57580.30476500 52.72 150.786660  65.841610 24.351 -100.00 -100.00 -100.00
 296    30.320 57590.22040656 36.31 150.769952  65.840970   -100 -100.00 -100.00 -100.00
 296    30.352 57590.22040715 34.36 150.776280  65.841387   -100 -100.00 -100.00 -100.00
 296    30.512 57590.22040774 30.97 150.782607  65.841805 24.160 -100.00 -100.00 -100.00
 296    33.625 57590.22040833 37.06 150.788935  65.842222   -100 -100.00 -100.00 -100.00
 297    30.885 57600.13604691 41.03 150.770050  65.840840   -100 -100.00 -100.00 -100.00
 297    31.011 57600.13604750 43.36 150.776377  65.841258   -100 -100.00 -100.00 -100.00
 297    31.207 57600.13604809 44.45 150.782705  65.841675   -100 -100.00 -100.00 -100.00
 297    31.042 57600.13604868 46.80 150.789033  65.842092  0.226 -100.00 -100.00 -100.00
