# NaN NaN NaN ;Mean Elev.(m), Avg Gradient(m/km), RMS Gradient(m/km) - SRTM1     
#   62.195  -8.817  24.798 ;Mean Elev.(m), Avg Gradient(m/km), RMS Gradient(m/km) - ASTER GDEM
#   98.800  -7.880  23.624 ;Mean Elev.(m), Avg Gradient(m/km), RMS Gradient(m/km) - GMTED2010 
   1 152.468329  64.844889   134.136   133.770  3 54667.05660639 18.087
   2 152.467426  64.845945   131.599   131.599  2 54676.97225087 17.023
   6 152.466557  64.845028    68.469    68.469  2 54716.63482779 39.953
   8 152.470499  64.843324    70.165    70.169  3 54736.46612556 46.873
   9 152.466703  64.844672    68.977    68.977  2 54746.38177264 44.221
  10 152.468051  64.846671    67.664    67.664  2 54756.29741981 46.710
  11 152.465771  64.846147    68.185    68.185  2 54766.21306482 34.457
  12 152.468388  64.844226    68.204    68.204  2 54776.12870709 30.425
  13 152.472474  64.842664    68.206    68.202  3 54786.04434706 31.671
  14 152.470656  64.842242    69.101    68.286  3 54795.95998524 25.169
  15 152.468942  64.843808    72.125    72.125  2 54805.87562300 19.845
  16 152.468780  64.845349    72.491    72.491  2 54815.79126031 19.447
  17 152.466930  64.845875    70.794    69.576  3 54825.70690722 21.281
  18 152.467746  64.845698    72.875    72.875  2 54835.62254669 17.176
  19 152.466439  64.845914    72.349    72.349  2 54845.53819624 17.082
  20 152.465942  64.846917    72.653    72.653  2 54855.45384522 16.231
  23 152.466063  64.847971    71.633    71.633  2 54885.20078843 15.747
  24 152.466730  64.845731    73.094    73.160  3 54895.11643061 14.824
  25 152.469167  64.844153    72.171    72.171  2 54905.03207032 15.206
  26 152.468174  64.843663    71.857    71.663  3 54914.94770861 14.087
  27 152.467399  64.844516    72.509    72.509  2 54924.86334658 14.281
  28 152.466841  64.845269    73.004    72.974  3 54934.77898381 13.929
  29 152.466772  64.844690    70.387    70.330  3 54944.69461904 16.198
  30 152.469530  64.842940    68.923    68.924  3 54954.61025212 40.080
  31 152.471362  64.841802    69.681    69.625  3 54964.52589830 49.466
  32 152.473230  64.842449    70.585    70.569  3 54974.44154671 47.686
  35 152.464443  64.846002    69.695    69.695  2 55004.18848795 48.329
  36 152.467725  64.846540    68.948    68.948  2 55014.10413256 45.489
  37 152.465612  64.846089    71.864    73.289  3 55024.01977520 27.254
  38 152.462671  64.846368    67.905    67.905  2 55033.93541717 36.088
  40 152.465924  64.847067    70.211    70.211  2 55053.76669885 35.736
  41 152.467654  64.845441    68.062    67.983  3 55063.68233650 46.254
  42 152.469481  64.844075    69.372    69.372  2 55073.59798217 44.289
  43 152.468656  64.843204    71.971    71.922  3 55083.51363013 48.560
  44 152.469113  64.843827    69.432    69.528  3 55093.42927679 47.660
  45 152.466734  64.844452    68.207    68.207  2 55103.34492306 45.958
  46 152.466609  64.845148    69.771    69.771  2 55113.26056930 35.286
  47 152.467651  64.844797    67.980    67.980  2 55123.17621314 40.648
  48 152.470691  64.844046    67.772    67.809  3 55133.09185424 35.596
  49 152.471310  64.843109    68.343    68.307  3 55143.00749299 29.095
  50 152.472253  64.843534    71.481    71.452  3 55152.92313124 20.171
  51 152.468187  64.844010    72.001    72.001  2 55162.83876934 18.699
  52 152.467955  64.845056    71.772    72.547  3 55172.75440751 18.000
  53 152.467975  64.845315    71.146    71.146  2 55182.67004405 17.831
  54 152.466074  64.845658    69.962    70.048  3 55192.58569515 23.493
  55 152.468138  64.846916    73.079    73.079  2 55202.50134546 16.455
  58 152.467546  64.847224    71.922    71.922  2 55232.24829150 15.212
  59 152.468216  64.845486    72.110    72.110  2 55242.16393592 15.260
  60 152.470293  64.844355    71.856    72.019  3 55252.07957710 15.156
  61 152.471366  64.844233    71.944    71.844  3 55261.99521599 15.223
  62 152.467305  64.844404    72.351    72.351  2 55271.91085346 14.978
  63 152.466759  64.844644    72.153    72.153  2 55281.82649110 14.331
  64 152.468594  64.844211    72.519    72.400  3 55291.74212773 14.536
  65 152.470399  64.843012    71.628    71.615  3 55301.65776204 13.854
  66 152.471376  64.842519    71.635    71.588  4 55311.57340985 14.607
  67 152.471639  64.842916    68.121    67.819  3 55321.48905534 24.981
  68 152.467701  64.843605    71.526    71.553  3 55331.40469934 47.927
  69 152.466921  64.844909    72.636    72.636  2 55341.32034366 49.548
  70 152.468210  64.845648    70.317    70.317  2 55351.23598794 48.437
  71 152.467340  64.845566   130.469   130.469  2 55361.15162980  5.252
  72 152.465123  64.845469    73.772    73.772  2 55371.06726940 24.874
  73 152.465631  64.846233    69.653    69.607  3 55380.98290782 47.889
  74 152.463305  64.846623    68.469    68.469  2 55390.89854522 47.013
  75 152.465193  64.846443    73.054    73.054  2 55400.81418174 25.250
  76 152.465963  64.845010    70.514    70.514  2 55410.72983045 26.291
  77 152.469799  64.843483    69.448    69.459  3 55420.64548070 42.370
  78 152.470958  64.842629    69.531    69.571  4 55430.56112772 50.231
  79 152.471158  64.843672    71.221    71.205  3 55440.47677244 50.015
  80 152.466834  64.844723    73.671    73.671  2 55450.39241528 26.790
  82 152.468865  64.844510    70.263    70.263  2 55470.22369970 48.136
  83 152.468532  64.842642    70.684    71.813  3 55480.13933807 33.701
  84 152.470573  64.841839    67.654    67.609  3 55490.05497409 40.144
  85 152.471875  64.842495    69.524    68.657  3 55499.97060794 30.446
  86 152.467802  64.843766    69.509    68.366  3 55509.88624895 25.084
  87 152.467653  64.845439    70.355    70.283  3 55519.80189889 24.058
  88 152.466076  64.845820    68.924    68.879  3 55529.71754764 23.925
  89 152.466876  64.845731    72.857    72.857  2 55539.63319484 20.176
  90 152.467557  64.845889    73.277    73.277  2 55549.54883985 17.976
  91 152.467623  64.846882    73.202    73.202  2 55559.46448321 17.863
  92 152.463526  64.847490    70.735    70.735  2 55569.38012533 18.966
  93 152.462320  64.847110    70.408    70.408  2 55579.29576673 19.859
  94 152.466212  64.845404    72.438    72.736  3 55589.21140594 17.853
  95 152.470560  64.842825    72.056    72.168  3 55599.12704206 17.784
  96 152.472449  64.841321    72.137    72.137  2 55609.04267556 17.131
  97 152.473725  64.842109    72.515    72.515  2 55618.95830744 16.042
  98 152.469459  64.844176    72.415    72.415  2 55628.87395549 16.724
  99 152.466439  64.845034    72.986    72.891  3 55638.78960633 14.967
 100 152.468344  64.844259    72.881    72.881  2 55648.70525530 15.598
 101 152.472253  64.842635    72.574    72.612  3 55658.62090131 14.833
 102 152.471157  64.841566    67.394    67.446  3 55668.53654302 20.521
 103 152.472456  64.843064    68.135    67.975  3 55678.45218272 23.364
 104 152.467730  64.844674    69.403    69.370  3 55688.36781997 39.544
 105 152.467110  64.845973    70.025    70.025  2 55698.28345622 43.392
 106 152.467870  64.845648   136.946   136.946  2 55708.19909263 18.777
 107 152.468417  64.845127    73.543    73.543  2 55718.11474365 44.533
 108 152.467151  64.845067    73.587    73.587  2 55728.03039191 34.520
 109 152.463912  64.845673    71.059    71.059  2 55737.94603846 48.227
 111 152.464453  64.846794    70.827    70.827  2 55757.77732745 49.566
 112 152.467996  64.845305    69.776    69.776  2 55767.69296831 48.213
 113 152.468738  64.842607    69.392    69.373  3 55777.60860577 40.421
 114 152.471494  64.841305    71.359    70.220  3 55787.52424093 33.812
 115 152.472358  64.842135    71.585    71.585  2 55797.43987460 35.928
 116 152.468502  64.843655    71.147    70.825  3 55807.35551743 34.271
 118 152.470066  64.844383    70.519    70.515  3 55827.18681222 50.633
 119 152.471122  64.842524    68.371    68.370  3 55837.10245334 37.192
 120 152.472562  64.841365    68.654    68.654  2 55847.01809136 42.420
 121 152.471138  64.842201    69.433    69.370  3 55856.93372682 33.555
 122 152.468696  64.844485    71.561    71.561  2 55866.84937073 27.686
 123 152.463256  64.846102    72.537    72.537  2 55876.76502258 24.603
 124 152.462529  64.846240    70.286    70.286  2 55886.68066855 25.695
 125 152.467581  64.845936    72.536    72.536  2 55896.59630929 23.541
 126 152.467721  64.844759    72.244    72.375  3 55906.51194440 21.311
 127 152.468088  64.845334    72.493    72.530  3 55916.42758913 20.783
 128 152.467920  64.846635    72.255    72.255  2 55926.34324276 21.031
 129 152.464987  64.846532    71.897    71.897  2 55936.25889273 21.391
 130 152.468254  64.845361    72.075    72.099  3 55946.17453829 20.116
 131 152.470188  64.843225    71.907    71.852  4 55956.09017916 19.885
 132 152.470802  64.841990    72.381    72.381  3 55966.00581735 17.665
 133 152.470978  64.842851    72.027    72.159  3 55975.92145451 17.698
 134 152.469065  64.844197    71.705    71.708  3 55985.83709066 17.369
 135 152.467822  64.844542    72.150    72.150  2 55995.75272622 16.305
 136 152.468793  64.844068    71.446    71.446  2 56005.66837807 16.114
 137 152.468967  64.842519    72.066    72.321  3 56015.58402580 15.653
 138 152.470677  64.842447    71.807    71.837  4 56025.49967081 16.503
 139 152.467509  64.843533    67.344    67.439  3 56035.41531365 19.394
 140 152.468647  64.845825    73.519    73.519  2 56045.33095495 19.452
 141 152.463951  64.846406    73.356    73.356  2 56055.24659280 32.928
 142 152.467796  64.846572    72.905    72.905  2 56065.16222747 48.640
 143 152.466604  64.845652   133.225   133.225  2 56075.07787241 20.055
 145 152.467369  64.846045    69.482    69.482  2 56094.90916904 48.613
 146 152.466193  64.846071    71.075    71.076  3 56104.82481387 49.090
 147 152.467195  64.845428    69.077    69.071  3 56114.74044434 43.648
 148 152.467436  64.844127    68.788    68.788  2 56124.65608250 44.174
 149 152.471602  64.842927    68.458    68.450  4 56134.57171704 47.457
 150 152.471258  64.842322    70.788    70.487  4 56144.48735743 34.140
 151 152.470872  64.843178    70.546    69.112  3 56154.40300767 32.648
 152 152.467199  64.844082    72.252    72.275  3 56164.31865646 44.885
 153 152.466852  64.844774    72.219    72.219  2 56174.23430343 41.612
 154 152.468153  64.844459    70.047    70.047  2 56184.14994535 50.611
 155 152.471647  64.843728    70.266    69.342  3 56194.06558366 39.806
 156 152.472445  64.843329    68.388    68.503  3 56203.98121889 43.403
 157 152.468919  64.843606    70.145    70.063  3 56213.89685218 36.156
 158 152.467378  64.844933    67.511    67.511  2 56223.81248668 40.693
 159 152.464975  64.846247    67.948    67.948  2 56233.72814255 34.688
 160 152.466430  64.846788    68.323    68.323  2 56243.64379473 31.683
 161 152.464574  64.846077    68.900    68.900  2 56253.55944178 30.804
 162 152.466269  64.846061    68.984    68.950  3 56263.47508487 31.611
 163 152.467967  64.846320    69.059    69.059  2 56273.39072613 29.234
 164 152.466495  64.845828    69.159    69.159  2 56283.30636934 25.214
 165 152.466201  64.845049    71.459    71.953  3 56293.22202090 19.892
 166 152.470257  64.844282    72.624    72.719  3 56303.13766844 17.578
 167 152.467455  64.843096    72.548    72.513  3 56313.05331117 17.336
 168 152.471182  64.843990    72.569    72.573  3 56322.96895249 17.257
 169 152.467449  64.844424    72.628    72.759  3 56332.88459247 17.290
 170 152.466947  64.844591    72.439    72.772  3 56342.80023223 16.403
 171 152.466968  64.843894    72.529    72.388  3 56352.71586968 16.259
 172 152.469732  64.843373    72.464    72.524  3 56362.63151139 16.082
 173 152.471900  64.843886    72.238    72.334  3 56372.54716075 15.739
 175 152.465856  64.846057    71.999    71.999  2 56392.37845118 16.008
 176 152.462612  64.846439    67.337    67.337  2 56402.29409365 21.979
 177 152.464120  64.846577    70.485    70.485  2 56412.20973375 21.935
 178 152.466609  64.845987   139.201   139.275  3 56422.12536888 16.328
 179 152.464485  64.845418    72.456    72.456  2 56432.04100957 44.537
 180 152.465708  64.846375    71.834    71.834  2 56441.95666238 43.488
 181 152.465130  64.846874   137.737   137.737  2 56451.87231245  5.404
 182 152.463549  64.845949    71.741    71.741  2 56461.78795989 31.367
 183 152.468176  64.844977    70.682    70.682  2 56471.70360460 48.502
 184 152.469158  64.843502    70.469    70.596  3 56481.61924543 48.649
 185 152.472820  64.843599    70.101    69.962  3 56491.53488285 49.427
 186 152.468847  64.843622    70.041    69.769  3 56501.45051709 38.913
 187 152.469374  64.844343    71.313    71.313  2 56511.36615032 50.895
 188 152.467720  64.844302    71.326    71.318  3 56521.28179556 47.670
 189 152.469284  64.844180    74.283    74.283  2 56531.19744879 41.222
 191 152.471326  64.844151    70.217    70.223  3 56551.02874331 49.777
 192 152.467834  64.845298    69.863    69.863  3 56560.94438583 47.985
 193 152.467627  64.847090    68.383    68.383  2 56570.86002758 48.319
 194 152.464959  64.847561    69.304    69.304  2 56580.77566751 36.796
 195 152.466631  64.846664    71.018    71.018  2 56590.69130364 25.401
 196 152.466703  64.845530    71.480    72.242  3 56600.60695100 23.216
 197 152.466770  64.845360    72.846    72.846  2 56610.52260117 19.088
 198 152.463485  64.845893    71.428    71.428  2 56620.43824641 21.384
 199 152.467196  64.847223    73.231    73.231  2 56630.35388928 17.602
 200 152.467982  64.846420    72.910    72.910  2 56640.26952819 17.320
 201 152.469074  64.844344    72.315    72.338  3 56650.18517466 17.164
 202 152.470165  64.842717    72.432    72.429  3 56660.10082546 17.204
 203 152.470765  64.842874    72.472    72.391  4 56670.01647271 16.751
 204 152.468214  64.844606    72.487    72.487  2 56679.93211754 16.432
 205 152.466550  64.846107    72.252    72.252  2 56689.84776071 15.303
 206 152.466436  64.845884    72.500    72.364  3 56699.76340085 15.424
 207 152.469113  64.844220    72.310    72.509  3 56709.67903647 15.142
 208 152.468267  64.842821    72.138    72.605  3 56719.59467711 15.230
 210 152.466095  64.846133    73.224    73.224  2 56739.42597773 14.663
 213 152.466736  64.846941    71.807    71.807  2 56769.17289532 13.578
 214 152.466331  64.845526    67.242    67.260  3 56779.08854434 20.811
 215 152.466625  64.845641    70.075    70.075  2 56789.00420001 18.109
 216 152.463477  64.846377    68.677    68.677  2 56798.91985198 37.826
 217 152.464246  64.847630    74.429    74.429  2 56808.83549825 42.085
 218 152.466814  64.847373    73.786    73.786  2 56818.75113900 45.399
 219 152.467563  64.845157    72.297    72.297  2 56828.66677576 47.931
 221 152.471329  64.841977    71.800    71.800  2 56848.49804056 49.440
 222 152.466735  64.843514    72.411    73.232  3 56858.41369483 27.786
 223 152.464594  64.845760    72.339    72.339  2 56868.32934834 39.266
 224 152.463798  64.846439    71.738    71.738  2 56878.24499987 50.312
 225 152.468038  64.846072    70.622    70.622  2 56888.16064851 49.987
 226 152.466342  64.844420    69.033    68.972  3 56898.07629381 40.824
 227 152.467472  64.844940    69.279    69.279  2 56907.99193693 43.717
 228 152.467595  64.847024    68.919    68.919  2 56917.90757802 47.589
 231 152.466521  64.847004    68.097    68.097  2 56947.65448380 48.707
 232 152.466664  64.845399    69.909    69.909  2 56957.57013734 27.401
 233 152.466385  64.844742    67.750    67.750  2 56967.48578554 30.141
 234 152.468334  64.845843    72.954    72.954  2 56977.40143006 16.185
 235 152.464292  64.846216    71.978    71.978  2 56987.31706949 16.726
 236 152.466232  64.845731    72.267    72.471  3 56997.23270346 17.283
 237 152.467532  64.844152    72.405    72.750  3 57007.14835003 16.950
 238 152.470464  64.843002    72.579    72.564  4 57017.06400407 16.619
 239 152.472841  64.843288    72.566    72.521  3 57026.97965455 16.673
 240 152.469554  64.844707    72.356    72.430  3 57036.89530270 17.231
 241 152.465011  64.845872    72.314    72.314  2 57046.81094812 16.512
 242 152.466818  64.846559    72.512    72.512  2 57056.72659050 15.715
 243 152.467769  64.845280    72.679    72.791  3 57066.64222731 15.543
 244 152.469248  64.844282    73.138    73.191  3 57076.55785981 15.605
 245 152.468441  64.843881    72.395    72.395  2 57086.47348918 15.459
 246 152.468180  64.846409    72.638    72.638  2 57096.38914828 15.213
 249 152.464755  64.847461    72.339    72.339  2 57126.13610080 13.833
 250 152.467510  64.846109    69.871    69.871  2 57136.05174078 16.249
 251 152.468821  64.845100    67.599    67.714  3 57145.96737643 20.580
 252 152.467908  64.844793    73.414    73.414  2 57155.88300949 21.308
 253 152.468364  64.845300    68.961    68.961  2 57165.79865101 45.331
 254 152.465275  64.845381    71.161    71.161  2 57175.71430727 50.148
 255 152.467482  64.844838   120.407   120.407  2 57185.62996019 21.680
 256 152.467695  64.843633    71.991    71.994  3 57195.54560883 47.779
 257 152.467626  64.843398    70.632    69.551  3 57205.46124387 34.231
 258 152.468749  64.844782    69.679    69.702  3 57215.37688936 49.393
 259 152.465838  64.845742    69.794    69.794  2 57225.29253310 47.599
 260 152.464867  64.846064    72.925    72.925  2 57235.20817503 26.299
 261 152.464621  64.845354    69.170    69.170  2 57245.12381355 47.048
 262 152.466129  64.844737    70.244    70.236  3 57255.03944967 47.083
 263 152.467051  64.845146    69.297    69.436  3 57264.95508448 50.134
 264 152.466826  64.846388    69.596    69.596  2 57274.87072588 49.903
 265 152.466152  64.847798    69.224    69.224  2 57284.78638306 47.137
 266 152.465738  64.847778    69.139    69.139  2 57294.70203730 48.544
 267 152.462693  64.846416    68.507    68.507  2 57304.61768760 37.017
 268 152.464619  64.845720    68.183    68.183  2 57314.53333454 42.448
 269 152.466208  64.845759    67.226    67.213  3 57324.44897831 34.214
 270 152.468227  64.846150    67.698    67.698  2 57334.36462024 35.430
 271 152.466760  64.845792    68.750    67.616  3 57344.28025989 27.191
 272 152.464941  64.845258    71.591    71.591  2 57354.19591353 20.710
 273 152.468199  64.844787    68.991    68.488  3 57364.11155774 25.896
 274 152.469275  64.844044    71.798    71.798  2 57374.02719831 20.663
 275 152.470663  64.844354    71.952    71.995  3 57383.94283715 19.254
 276 152.468185  64.844504    71.764    71.819  3 57393.85847518 18.892
 277 152.466403  64.844676    71.919    71.929  3 57403.77411235 18.162
 278 152.467890  64.845068    72.693    72.702  3 57413.68975825 18.710
 279 152.466076  64.845137    72.654    72.654  2 57423.60540959 17.380
 280 152.466119  64.845895    71.268    70.944  3 57433.52105831 18.761
 281 152.464503  64.846946    70.181    70.181  2 57443.43670512 19.025
 282 152.462915  64.847715    70.829    70.829  2 57453.35235126 18.515
 284 152.464344  64.846596    70.662    70.662  2 57473.18363675 18.580
 285 152.465160  64.845115    68.743    68.743  2 57483.09927386 20.975
 286 152.467489  64.844439    71.136    72.861  3 57493.01490815 17.565
 287 152.467442  64.844446    70.141    70.141  2 57502.93054021 21.267
 288 152.468200  64.845262    70.376    70.376  2 57512.84619210 27.337
 289 152.468353  64.845283   129.789   134.097  3 57522.76184702 13.605
 290 152.466460  64.844103   135.430   135.463  3 57532.67749933 23.355
 291 152.469768  64.843805    70.056    69.905  3 57542.59314895 43.995
 292 152.467280  64.843662    68.989    68.995  3 57552.50879528 37.615
 293 152.467954  64.844879    68.981    68.992  3 57562.42444054 48.255
 294 152.466090  64.845709    68.766    68.766  2 57572.34008513 42.523
 295 152.467111  64.846028    69.203    69.203  2 57582.25572985 46.524
 296 152.467249  64.845585    71.226    71.226  2 57592.17137260 49.721
 297 152.465950  64.845190    69.737    69.737  2 57602.08701262 43.599
