# NaN NaN NaN ;Mean Elev.(m), Avg Gradient(m/km), RMS Gradient(m/km) - SRTM1     
#    7.570  -1.128   3.196 ;Mean Elev.(m), Avg Gradient(m/km), RMS Gradient(m/km) - ASTER GDEM
#   44.618   0.107   4.025 ;Mean Elev.(m), Avg Gradient(m/km), RMS Gradient(m/km) - GMTED2010 
   1    24.953 54666.12140893 42.07 150.779017  66.144153   -100 -100.00 -100.00 -100.00
   1    24.715 54666.12140952 41.85 150.785502  66.144192   -100 -100.00 -100.00 -100.00
   1    25.125 54666.12141011 45.08 150.791987  66.144231   -100 -100.00 -100.00 -100.00
   2    23.784 54676.03705369 33.07 150.780804  66.145231 31.428 -100.00 -100.00 -100.00
   2    24.446 54676.03705428 34.96 150.787289  66.145270 22.066 -100.00 -100.00 -100.00
   6    27.173 54715.69963003 26.25 150.779478  66.144680 17.003 -100.00 -100.00 -100.00
   6    32.704 54715.69963062 22.19 150.785962  66.144719  9.692 -100.00 -100.00 -100.00
   6    32.879 54715.69963121 21.84 150.792447  66.144758  8.691 -100.00 -100.00 -100.00
   8    25.646 54735.53092787 44.80 150.777222  66.141699   -100 -100.00 -100.00 -100.00
   8    25.498 54735.53092846 54.38 150.783705  66.141738  4.555 -100.00 -100.00 -100.00
   8    25.383 54735.53092905 54.26 150.790189  66.141777   -100 -100.00 -100.00 -100.00
   8    25.288 54735.53092964 55.26 150.796673  66.141816   -100 -100.00 -100.00 -100.00
   8    25.283 54735.53093023 56.23 150.803156  66.141854 26.050 -100.00 -100.00 -100.00
   9    73.158 54745.44657509 15.32 150.777726  66.143267  9.288 -100.00 -100.00 -100.00
   9    71.883 54745.44657568 19.29 150.784211  66.143306 12.548 -100.00 -100.00 -100.00
   9    71.988 54745.44657627 25.48 150.790695  66.143344 16.240 -100.00 -100.00 -100.00
   9    71.009 54745.44657686 31.15 150.797179  66.143382   -100 -100.00 -100.00 -100.00
  10    23.343 54755.36222165 49.24 150.775912  66.144872   -100 -100.00 -100.00 -100.00
  10    23.350 54755.36222224 48.88 150.782398  66.144911   -100 -100.00 -100.00 -100.00
  10    23.022 54755.36222283 49.66 150.788882  66.144950 29.614 -100.00 -100.00 -100.00
  11    22.830 54765.27786708 50.97 150.775974  66.144673   -100 -100.00 -100.00 -100.00
  11    22.953 54765.27786767 46.00 150.782459  66.144712   -100 -100.00 -100.00 -100.00
  11    22.633 54765.27786826 44.10 150.788945  66.144751   -100 -100.00 -100.00 -100.00
  12    22.386 54775.19350979 43.22 150.778076  66.142558   -100 -100.00 -100.00 -100.00
  12    22.364 54775.19351038 45.97 150.784561  66.142597   -100 -100.00 -100.00 -100.00
  12    22.413 54775.19351097 43.98 150.791046  66.142635   -100 -100.00 -100.00 -100.00
  12    22.514 54775.19351156 41.47 150.797531  66.142674   -100 -100.00 -100.00 -100.00
  12    22.524 54775.19351215 38.06 150.804016  66.142712 23.201 -100.00 -100.00 -100.00
  13    22.466 54785.10914968 39.28 150.776738  66.140613 31.497 -100.00 -100.00 -100.00
  13    22.486 54785.10915028 40.51 150.783222  66.140652 32.274 -100.00 -100.00 -100.00
  13    22.489 54785.10915087 42.98 150.789707  66.140690   -100 -100.00 -100.00 -100.00
  13    22.523 54785.10915146 40.03 150.796191  66.140729   -100 -100.00 -100.00 -100.00
  13    22.559 54785.10915205 37.11 150.802676  66.140767 22.685 -100.00 -100.00 -100.00
  13    22.138 54785.10915264 38.36 150.809161  66.140805 26.553 -100.00 -100.00 -100.00
  14    29.075 54795.02478838 30.09 150.779632  66.140759  9.853 -100.00 -100.00 -100.00
  14    28.605 54795.02478897 30.03 150.786116  66.140798  9.661 -100.00 -100.00 -100.00
  14    30.643 54795.02478956 29.34 150.792601  66.140837  7.267 -100.00 -100.00 -100.00
  14    31.605 54795.02479015 29.71 150.799086  66.140875  8.595 -100.00 -100.00 -100.00
  14    31.508 54795.02479074 28.80 150.805570  66.140913  7.171 -100.00 -100.00 -100.00
  14    32.902 54795.02479134 32.75 150.812055  66.140951 14.430 -100.00 -100.00 -100.00
  15    28.909 54804.94042623 28.60 150.781041  66.142935  7.784 -100.00 -100.00 -100.00
  15    31.537 54804.94042682 28.79 150.787526  66.142974  9.135 -100.00 -100.00 -100.00
  15    28.367 54804.94042741 29.36 150.794011  66.143013  9.794 -100.00 -100.00 -100.00
  15    32.305 54804.94042800 28.76 150.800496  66.143051  8.020 -100.00 -100.00 -100.00
  16    30.006 54814.85606320 27.60 150.778388  66.144855  7.823 -100.00 -100.00 -100.00
  16    29.227 54814.85606379 27.92 150.784873  66.144895  8.436 -100.00 -100.00 -100.00
  16    28.821 54814.85606438 28.81 150.791358  66.144934  9.915 -100.00 -100.00 -100.00
  17    31.102 54824.77170861 22.89 150.774867  66.145332  4.262 -100.00 -100.00 -100.00
  17    29.916 54824.77170920 23.10 150.781352  66.145372  5.074 -100.00 -100.00 -100.00
  17    31.724 54824.77170979 23.47 150.787837  66.145411  5.224 -100.00 -100.00 -100.00
  18    31.212 54834.68734860 22.97 150.777736  66.144457  4.802 -100.00 -100.00 -100.00
  18    31.506 54834.68734919 22.82 150.784221  66.144496  4.600 -100.00 -100.00 -100.00
  18    32.163 54834.68734978 23.70 150.790706  66.144535  4.936 -100.00 -100.00 -100.00
  19    29.788 54844.60299868 22.97 150.780445  66.144301  4.144 -100.00 -100.00 -100.00
  19    31.752 54844.60299927 22.60 150.786930  66.144340  4.594 -100.00 -100.00 -100.00
  19    32.059 54844.60299986 22.39 150.793414  66.144378  4.036 -100.00 -100.00 -100.00
  20    30.998 54854.51864720 22.19 150.775454  66.145193  3.830 -100.00 -100.00 -100.00
  20    31.613 54854.51864779 22.63 150.781939  66.145232  4.631 -100.00 -100.00 -100.00
  20    31.748 54854.51864838 22.92 150.788424  66.145270  5.442 -100.00 -100.00 -100.00
  24    31.109 54894.18123334 20.54 150.779166  66.144009  4.421 -100.00 -100.00 -100.00
  24    32.666 54894.18123393 20.01 150.785651  66.144048  4.338 -100.00 -100.00 -100.00
  24    32.834 54894.18123452 20.69 150.792136  66.144087  4.639 -100.00 -100.00 -100.00
  25    29.654 54904.09687281 21.93 150.775083  66.141851  6.487 -100.00 -100.00 -100.00
  25    30.908 54904.09687340 21.12 150.781568  66.141890  4.680 -100.00 -100.00 -100.00
  25    31.459 54904.09687399 21.34 150.788053  66.141928  5.727 -100.00 -100.00 -100.00
  25    32.942 54904.09687458 21.11 150.794537  66.141967  5.399 -100.00 -100.00 -100.00
  25    33.492 54904.09687517 20.76 150.801022  66.142005  3.934 -100.00 -100.00 -100.00
  25    33.167 54904.09687577 24.05 150.807507  66.142043  9.085 -100.00 -100.00 -100.00
  26    31.239 54914.01251180 19.18 150.778411  66.141632  4.730 -100.00 -100.00 -100.00
  26    31.440 54914.01251239 18.92 150.784896  66.141671  4.179 -100.00 -100.00 -100.00
  26    31.717 54914.01251298 19.23 150.791380  66.141709  4.982 -100.00 -100.00 -100.00
  26    33.426 54914.01251357 19.00 150.797865  66.141747  4.011 -100.00 -100.00 -100.00
  26    33.329 54914.01251416 22.70 150.804350  66.141785  8.914 -100.00 -100.00 -100.00
  27    30.871 54923.92814956 20.07 150.774926  66.142949  5.559 -100.00 -100.00 -100.00
  27    31.116 54923.92815015 20.00 150.781410  66.142988  5.473 -100.00 -100.00 -100.00
  27    32.544 54923.92815074 19.92 150.787895  66.143027  5.295 -100.00 -100.00 -100.00
  27    33.029 54923.92815133 19.49 150.794380  66.143065  4.669 -100.00 -100.00 -100.00
  27    33.545 54923.92815193 19.03 150.800865  66.143103  4.046 -100.00 -100.00 -100.00
  28    31.062 54933.84378713 19.86 150.777878  66.144339  4.631 -100.00 -100.00 -100.00
  28    31.063 54933.84378772 19.40 150.784363  66.144378  3.955 -100.00 -100.00 -100.00
  28    32.810 54933.84378831 20.00 150.790848  66.144417  5.351 -100.00 -100.00 -100.00
  29    31.219 54943.75942265 18.31 150.779601  66.144246  4.152 -100.00 -100.00 -100.00
  29    32.619 54943.75942324 18.83 150.786086  66.144285  4.996 -100.00 -100.00 -100.00
  29    32.890 54943.75942383 18.25 150.792570  66.144324  5.105 -100.00 -100.00 -100.00
  30    26.943 54953.67505573 10.52 150.777745  66.142549  6.104 -100.00 -100.00 -100.00
  30    26.903 54953.67505632 10.19 150.784228  66.142589  6.390 -100.00 -100.00 -100.00
  30    27.845 54953.67505691  9.41 150.790712  66.142628  4.990 -100.00 -100.00 -100.00
  30    28.462 54953.67505750  9.20 150.797196  66.142666  4.815 -100.00 -100.00 -100.00
  30    33.432 54953.67505809  8.81 150.803680  66.142705  4.075 -100.00 -100.00 -100.00
  31    24.433 54963.59070023 29.93 150.775188  66.140763 23.704 -100.00 -100.00 -100.00
  31    24.455 54963.59070082 30.82 150.781671  66.140802 29.776 -100.00 -100.00 -100.00
  31    24.438 54963.59070141 34.44 150.788155  66.140842   -100 -100.00 -100.00 -100.00
  31    24.358 54963.59070200 34.81 150.794638  66.140880   -100 -100.00 -100.00 -100.00
  31    24.252 54963.59070259 36.21 150.801121  66.140919   -100 -100.00 -100.00 -100.00
  31    24.506 54963.59070318 36.89 150.807604  66.140957   -100 -100.00 -100.00 -100.00
  32    28.172 54973.50634885 46.89 150.777336  66.140857 15.016 -100.00 -100.00 -100.00
  32    28.095 54973.50634944 50.76 150.783819  66.140896 30.709 -100.00 -100.00 -100.00
  32    28.187 54973.50635003 48.83 150.790302  66.140935 14.048 -100.00 -100.00 -100.00
  32    28.025 54973.50635062 46.01 150.796786  66.140973 13.461 -100.00 -100.00 -100.00
  32    28.347 54973.50635121 46.03 150.803269  66.141012   -100 -100.00 -100.00 -100.00
  32    28.298 54973.50635180 49.07 150.809752  66.141050   -100 -100.00 -100.00 -100.00
  33    27.430 54983.42199659 37.82 150.777999  66.142663 29.125 -100.00 -100.00 -100.00
  33    26.891 54983.42199718 40.67 150.784483  66.142702   -100 -100.00 -100.00 -100.00
  33    27.430 54983.42199777 36.85 150.790967  66.142740 22.351 -100.00 -100.00 -100.00
  33    27.603 54983.42199836 34.40 150.797451  66.142779 18.076 -100.00 -100.00 -100.00
  33    33.705 54983.42199895 30.53 150.803935  66.142817  8.885 -100.00 -100.00 -100.00
  35    25.576 55003.25329053 55.02 150.778369  66.145515 15.519 -100.00 -100.00 -100.00
  35    25.467 55003.25329112 55.87 150.784854  66.145554   -100 -100.00 -100.00 -100.00
  36    29.647 55013.16893487 31.76 150.777058  66.145247 30.418 -100.00 -100.00 -100.00
  36    24.325 55013.16893546 33.01 150.783543  66.145286   -100 -100.00 -100.00 -100.00
  37    29.766 55023.08457810 26.16 150.778940  66.144736 18.811 -100.00 -100.00 -100.00
  37    32.845 55023.08457869 23.31 150.785425  66.144775 11.636 -100.00 -100.00 -100.00
  37    32.867 55023.08457928 22.25 150.791910  66.144814 10.400 -100.00 -100.00 -100.00
  38    29.812 55033.00022010 33.96 150.775270  66.145282   -100 -100.00 -100.00 -100.00
  38    24.802 55033.00022069 33.16 150.781755  66.145321 20.421 -100.00 -100.00 -100.00
  38    25.057 55033.00022128 35.22 150.788240  66.145360 19.883 -100.00 -100.00 -100.00
  42    24.485 55072.66278404 34.33 150.776851  66.143488   -100 -100.00 -100.00 -100.00
  42    24.539 55072.66278463 36.36 150.783335  66.143527 32.693 -100.00 -100.00 -100.00
  42    25.137 55072.66278522 37.04 150.789819  66.143566 23.005 -100.00 -100.00 -100.00
  42    24.883 55072.66278581 40.91 150.796303  66.143605 30.424 -100.00 -100.00 -100.00
  43    30.516 55082.57843273 44.08 150.780725  66.141806   -100 -100.00 -100.00 -100.00
  43    30.314 55082.57843332 46.06 150.787209  66.141845   -100 -100.00 -100.00 -100.00
  43    30.330 55082.57843391 50.05 150.793692  66.141884   -100 -100.00 -100.00 -100.00
  43    30.318 55082.57843451 52.07 150.800176  66.141922   -100 -100.00 -100.00 -100.00
  43    30.296 55082.57843510 55.28 150.806659  66.141960 22.570 -100.00 -100.00 -100.00
  44    25.193 55092.49408063 57.25 150.793224  66.141809 22.947 -100.00 -100.00 -100.00
  44    25.439 55092.49408122 55.65 150.799708  66.141847   -100 -100.00 -100.00 -100.00
  44    25.347 55092.49408181 55.63 150.806191  66.141885 20.739 -100.00 -100.00 -100.00
  45    23.723 55102.40972561 46.14 150.776705  66.142793   -100 -100.00 -100.00 -100.00
  45    23.771 55102.40972620 49.48 150.783189  66.142832   -100 -100.00 -100.00 -100.00
  45    23.495 55102.40972679 53.31 150.789674  66.142871   -100 -100.00 -100.00 -100.00
  45    23.715 55102.40972738 54.13 150.796158  66.142909  5.733 -100.00 -100.00 -100.00
  45    23.692 55102.40972797 52.87 150.802642  66.142947   -100 -100.00 -100.00 -100.00
  46    23.327 55112.32537215 41.22 150.780983  66.143992 31.710 -100.00 -100.00 -100.00
  46    23.447 55112.32537274 49.83 150.787468  66.144031   -100 -100.00 -100.00 -100.00
  46    23.467 55112.32537333 48.14 150.793953  66.144070 31.422 -100.00 -100.00 -100.00
  47    23.678 55122.24101600 41.55 150.780994  66.143821   -100 -100.00 -100.00 -100.00
  47    23.604 55122.24101659 42.77 150.787478  66.143859   -100 -100.00 -100.00 -100.00
  47    23.654 55122.24101718 40.70 150.793964  66.143898   -100 -100.00 -100.00 -100.00
  48    22.889 55132.15665654 42.75 150.776505  66.142473   -100 -100.00 -100.00 -100.00
  48    22.981 55132.15665713 35.95 150.782989  66.142512   -100 -100.00 -100.00 -100.00
  48    23.198 55132.15665773 37.85 150.789474  66.142551   -100 -100.00 -100.00 -100.00
  48    23.183 55132.15665832 37.89 150.795959  66.142589   -100 -100.00 -100.00 -100.00
  48    23.173 55132.15665891 31.98 150.802444  66.142627 19.335 -100.00 -100.00 -100.00
  49    29.248 55142.07229579 22.23 150.779984  66.141127  7.369 -100.00 -100.00 -100.00
  49    28.995 55142.07229638 21.67 150.786468  66.141166  6.883 -100.00 -100.00 -100.00
  49    28.960 55142.07229697 21.24 150.792953  66.141204  5.456 -100.00 -100.00 -100.00
  49    29.034 55142.07229756 21.14 150.799438  66.141243  6.101 -100.00 -100.00 -100.00
  49    30.560 55142.07229815 20.47 150.805922  66.141281  5.847 -100.00 -100.00 -100.00
  50    28.550 55151.98793398 19.77 150.778613  66.141305  7.215 -100.00 -100.00 -100.00
  50    30.840 55151.98793457 18.86 150.785097  66.141344  5.793 -100.00 -100.00 -100.00
  50    29.348 55151.98793516 18.05 150.791582  66.141382  5.010 -100.00 -100.00 -100.00
  50    32.898 55151.98793575 18.01 150.798067  66.141421  5.108 -100.00 -100.00 -100.00
  50    30.765 55151.98793634 17.32 150.804552  66.141459  4.910 -100.00 -100.00 -100.00
  51    30.580 55161.90357273 18.39 150.780778  66.142844  5.436 -100.00 -100.00 -100.00
  51    30.268 55161.90357333 18.65 150.787263  66.142883  5.694 -100.00 -100.00 -100.00
  51    31.619 55161.90357392 17.87 150.793748  66.142921  4.600 -100.00 -100.00 -100.00
  51    30.260 55161.90357451 17.96 150.800232  66.142960  4.752 -100.00 -100.00 -100.00
  52    30.403 55171.81921050 18.44 150.776210  66.144523  5.188 -100.00 -100.00 -100.00
  52    30.132 55171.81921109 18.74 150.782695  66.144562  4.434 -100.00 -100.00 -100.00
  52    32.438 55171.81921168 18.75 150.789180  66.144601  4.738 -100.00 -100.00 -100.00
  53    30.587 55181.73484739 17.63 150.779271  66.145355  4.353 -100.00 -100.00 -100.00
  53    30.329 55181.73484798 17.46 150.785756  66.145394  3.983 -100.00 -100.00 -100.00
  54    30.305 55191.65049736 22.08 150.780639  66.145241 10.670 -100.00 -100.00 -100.00
  54    28.909 55191.65049795 20.30 150.787124  66.145280  8.016 -100.00 -100.00 -100.00
  55    30.609 55201.56614718 19.68 150.777041  66.145351  6.527 -100.00 -100.00 -100.00
  55    30.809 55201.56614777 18.58 150.783526  66.145390  4.956 -100.00 -100.00 -100.00
  56    31.020 55211.48179653 18.38 150.775180  66.145817  5.373 -100.00 -100.00 -100.00
  56    31.387 55211.48179712 18.43 150.781665  66.145856  5.111 -100.00 -100.00 -100.00
  59    30.943 55241.22873814 18.53 150.774853  66.144283  5.289 -100.00 -100.00 -100.00
  59    30.895 55241.22873873 18.15 150.781338  66.144322  4.188 -100.00 -100.00 -100.00
  59    31.649 55241.22873932 18.30 150.787824  66.144360  4.488 -100.00 -100.00 -100.00
  59    29.619 55241.22873991 18.06 150.794309  66.144399  3.928 -100.00 -100.00 -100.00
  60    31.221 55251.14437951 18.54 150.777069  66.142733  5.129 -100.00 -100.00 -100.00
  60    31.682 55251.14438010 17.91 150.783554  66.142772  4.330 -100.00 -100.00 -100.00
  60    31.704 55251.14438069 17.91 150.790039  66.142811  5.081 -100.00 -100.00 -100.00
  60    33.050 55251.14438128 17.42 150.796524  66.142849  4.115 -100.00 -100.00 -100.00
  60    32.198 55251.14438187 17.49 150.803009  66.142887  4.071 -100.00 -100.00 -100.00
  61    31.652 55261.06001877 17.93 150.781146  66.141937  4.888 -100.00 -100.00 -100.00
  61    31.476 55261.06001936 17.77 150.787631  66.141976  5.385 -100.00 -100.00 -100.00
  61    31.235 55261.06001995 17.40 150.794116  66.142014  4.614 -100.00 -100.00 -100.00
  61    33.176 55261.06002054 17.34 150.800601  66.142052  4.046 -100.00 -100.00 -100.00
  61    32.116 55261.06002114 17.09 150.807086  66.142090  4.150 -100.00 -100.00 -100.00
  62    31.415 55270.97565683 18.61 150.781369  66.142302  4.913 -100.00 -100.00 -100.00
  62    31.547 55270.97565742 18.70 150.787853  66.142341  5.966 -100.00 -100.00 -100.00
  62    32.875 55270.97565801 18.04 150.794338  66.142379  3.856 -100.00 -100.00 -100.00
  62    33.372 55270.97565860 18.39 150.800823  66.142417  5.118 -100.00 -100.00 -100.00
  63    31.178 55280.89129449 17.99 150.778092  66.142979  5.841 -100.00 -100.00 -100.00
  63    31.313 55280.89129508 17.46 150.784577  66.143018  4.516 -100.00 -100.00 -100.00
  63    31.380 55280.89129567 17.00 150.791062  66.143056  4.205 -100.00 -100.00 -100.00
  63    33.269 55280.89129626 16.96 150.797546  66.143095  3.763 -100.00 -100.00 -100.00
  64    31.067 55290.80693118 16.97 150.777318  66.143238  4.336 -100.00 -100.00 -100.00
  64    31.357 55290.80693177 16.92 150.783803  66.143277  3.846 -100.00 -100.00 -100.00
  64    31.183 55290.80693236 16.92 150.790287  66.143316  4.304 -100.00 -100.00 -100.00
  64    31.889 55290.80693295 16.17 150.796772  66.143354  3.550 -100.00 -100.00 -100.00
  65    31.315 55300.72256545 17.15 150.775433  66.142784  4.743 -100.00 -100.00 -100.00
  65    31.246 55300.72256604 16.97 150.781917  66.142823  4.328 -100.00 -100.00 -100.00
  65    31.299 55300.72256663 16.49 150.788401  66.142862  3.701 -100.00 -100.00 -100.00
  65    31.800 55300.72256722 16.85 150.794885  66.142901  4.529 -100.00 -100.00 -100.00
  65    33.354 55300.72256781 16.15 150.801369  66.142940  3.393 -100.00 -100.00 -100.00
  66    31.533 55310.63821222 16.42 150.779948  66.141887  5.343 -100.00 -100.00 -100.00
  66    31.349 55310.63821281 16.21 150.786432  66.141926  4.851 -100.00 -100.00 -100.00
  66    31.097 55310.63821340 16.44 150.792915  66.141965  5.052 -100.00 -100.00 -100.00
  66    33.355 55310.63821399 15.98 150.799399  66.142004  4.796 -100.00 -100.00 -100.00
  66    31.799 55310.63821458 15.63 150.805882  66.142042  3.691 -100.00 -100.00 -100.00
  67    29.205 55320.55385786  7.03 150.780598  66.141470  4.531 -100.00 -100.00 -100.00
  67    28.846 55320.55385845  9.90 150.787082  66.141510  7.993 -100.00 -100.00 -100.00
  67    29.053 55320.55385904  9.65 150.793565  66.141548  6.708 -100.00 -100.00 -100.00
  67    26.015 55320.55385963 13.26 150.800048  66.141587 13.612 -100.00 -100.00 -100.00
  67    26.391 55320.55386022 16.06 150.806532  66.141625 20.331 -100.00 -100.00 -100.00
  68    27.472 55330.46950207 34.90 150.777529  66.142030   -100 -100.00 -100.00 -100.00
  68    23.975 55330.46950266 38.18 150.784012  66.142069   -100 -100.00 -100.00 -100.00
  68    23.983 55330.46950325 38.26 150.790496  66.142108   -100 -100.00 -100.00 -100.00
  68    24.076 55330.46950384 39.02 150.796979  66.142146   -100 -100.00 -100.00 -100.00
  68    23.903 55330.46950443 37.67 150.803463  66.142184   -100 -100.00 -100.00 -100.00
  69    30.415 55340.38514671 56.57 150.780324  66.143394   -100 -100.00 -100.00 -100.00
  69    30.396 55340.38514730 55.45 150.786808  66.143432   -100 -100.00 -100.00 -100.00
  69    30.377 55340.38514789 53.30 150.793292  66.143471   -100 -100.00 -100.00 -100.00
  69    30.368 55340.38514848 54.56 150.799776  66.143509   -100 -100.00 -100.00 -100.00
  70    28.347 55350.30079043 42.20 150.775576  66.144436   -100 -100.00 -100.00 -100.00
  70    27.975 55350.30079102 45.40 150.782060  66.144475  1.214 -100.00 -100.00 -100.00
  70    27.882 55350.30079161 49.70 150.788545  66.144514 31.847 -100.00 -100.00 -100.00
  70    27.795 55350.30079220 51.68 150.795029  66.144553   -100 -100.00 -100.00 -100.00
  71    29.704 55360.21643260 25.60 150.776916  66.144967 18.094 -100.00 -100.00 -100.00
  71    32.748 55360.21643319 19.54 150.783400  66.145006  5.772 -100.00 -100.00 -100.00
  71    32.991 55360.21643378 21.63 150.789885  66.145045  9.954 -100.00 -100.00 -100.00
  72    24.814 55370.13207286 56.75 150.781062  66.145178 14.105 -100.00 -100.00 -100.00
  72    24.708 55370.13207345 55.11 150.787547  66.145217 13.942 -100.00 -100.00 -100.00
  76    29.720 55409.79463256 25.68 150.776935  66.145005 14.844 -100.00 -100.00 -100.00
  76    32.759 55409.79463315 22.77 150.783420  66.145045  9.948 -100.00 -100.00 -100.00
  76    32.968 55409.79463374 22.93 150.789904  66.145084  9.900 -100.00 -100.00 -100.00
  77    24.992 55419.71028322 57.66 150.779755  66.143083   -100 -100.00 -100.00 -100.00
  77    24.818 55419.71028381 54.39 150.786239  66.143123 30.994 -100.00 -100.00 -100.00
  77    25.119 55419.71028440 52.22 150.792723  66.143162  0.171 -100.00 -100.00 -100.00
  77    24.949 55419.71028499 56.70 150.799207  66.143200 31.728 -100.00 -100.00 -100.00
  78    24.852 55429.62593017 55.59 150.777601  66.141715   -100 -100.00 -100.00 -100.00
  78    24.575 55429.62593076 56.99 150.784085  66.141755   -100 -100.00 -100.00 -100.00
  78    24.792 55429.62593135 54.51 150.790568  66.141793  6.199 -100.00 -100.00 -100.00
  78    24.699 55429.62593194 57.62 150.797051  66.141832 29.816 -100.00 -100.00 -100.00
  78    24.620 55429.62593253 57.54 150.803535  66.141870   -100 -100.00 -100.00 -100.00
  79    28.043 55439.54157501 45.86 150.780081  66.141933 25.893 -100.00 -100.00 -100.00
  79    28.364 55439.54157560 49.49 150.786564  66.141971   -100 -100.00 -100.00 -100.00
  79    28.472 55439.54157619 48.49 150.793048  66.142010   -100 -100.00 -100.00 -100.00
  79    28.402 55439.54157678 50.65 150.799531  66.142048   -100 -100.00 -100.00 -100.00
  79    28.348 55439.54157737 52.92 150.806015  66.142086   -100 -100.00 -100.00 -100.00
  80    32.157 55449.45721791 24.48 150.777147  66.143025 13.271 -100.00 -100.00 -100.00
  80    32.761 55449.45721850 22.69 150.783631  66.143064  9.707 -100.00 -100.00 -100.00
  80    33.014 55449.45721909 21.30 150.790115  66.143103  7.360 -100.00 -100.00 -100.00
  80    33.566 55449.45721968 19.94 150.796599  66.143141  5.339 -100.00 -100.00 -100.00
  80    33.590 55449.45722027 25.80 150.803083  66.143180 15.655 -100.00 -100.00 -100.00
  81    29.247 55459.37286073 29.77 150.777527  66.143634 24.487 -100.00 -100.00 -100.00
  81    29.517 55459.37286132 27.62 150.784011  66.143673 17.709 -100.00 -100.00 -100.00
  81    29.501 55459.37286191 32.09 150.790496  66.143712 31.346 -100.00 -100.00 -100.00
  81    29.561 55459.37286250 33.31 150.796980  66.143750 29.043 -100.00 -100.00 -100.00
  82    31.248 55469.28850278 29.21 150.778908  66.143174 12.115 -100.00 -100.00 -100.00
  82    26.889 55469.28850337 37.05 150.785393  66.143213   -100 -100.00 -100.00 -100.00
  82    27.187 55469.28850397 37.18 150.791877  66.143251 27.332 -100.00 -100.00 -100.00
  82    27.858 55469.28850456 39.17 150.798362  66.143290 20.712 -100.00 -100.00 -100.00
  83    31.975 55479.20414125 30.60 150.775879  66.142014  8.747 -100.00 -100.00 -100.00
  83    32.377 55479.20414184 29.94 150.782363  66.142054  6.787 -100.00 -100.00 -100.00
  83    32.910 55479.20414243 30.18 150.788848  66.142093  7.297 -100.00 -100.00 -100.00
  83    33.032 55479.20414302 29.62 150.795333  66.142131  6.727 -100.00 -100.00 -100.00
  83    33.287 55479.20414361 30.21 150.801817  66.142170  7.358 -100.00 -100.00 -100.00
  84    23.363 55489.11977730 46.53 150.777535  66.141336   -100 -100.00 -100.00 -100.00
  84    23.064 55489.11977789 47.57 150.784019  66.141375  3.969 -100.00 -100.00 -100.00
  84    22.905 55489.11977848 51.72 150.790504  66.141414 31.906 -100.00 -100.00 -100.00
  84    23.236 55489.11977907 52.41 150.796989  66.141453  5.449 -100.00 -100.00 -100.00
  84    23.085 55489.11977966 52.25 150.803473  66.141491 23.282 -100.00 -100.00 -100.00
  84    23.090 55489.11978025 40.97 150.809958  66.141529   -100 -100.00 -100.00 -100.00
  85    22.748 55499.03541104 41.29 150.778557  66.141683   -100 -100.00 -100.00 -100.00
  85    22.648 55499.03541163 40.14 150.785042  66.141722   -100 -100.00 -100.00 -100.00
  85    22.762 55499.03541222 41.95 150.791527  66.141761   -100 -100.00 -100.00 -100.00
  85    22.745 55499.03541281 40.21 150.798012  66.141800   -100 -100.00 -100.00 -100.00
  85    22.901 55499.03541340 39.33 150.804496  66.141838   -100 -100.00 -100.00 -100.00
  86    23.216 55508.95105094 36.19 150.780197  66.143058 26.526 -100.00 -100.00 -100.00
  86    23.439 55508.95105153 33.15 150.786682  66.143098 16.964 -100.00 -100.00 -100.00
  86    23.103 55508.95105212 33.86 150.793167  66.143137 19.679 -100.00 -100.00 -100.00
  86    23.167 55508.95105271 33.95 150.799652  66.143175 20.143 -100.00 -100.00 -100.00
  87    23.155 55518.86670113 34.55 150.781322  66.144222 24.555 -100.00 -100.00 -100.00
  87    23.330 55518.86670172 32.82 150.787808  66.144261 18.755 -100.00 -100.00 -100.00
  87    23.296 55518.86670231 32.41 150.794293  66.144299 17.760 -100.00 -100.00 -100.00
  88    23.142 55528.78234990 33.51 150.776942  66.144816 22.432 -100.00 -100.00 -100.00
  88    27.935 55528.78235049 30.44 150.783427  66.144855 14.200 -100.00 -100.00 -100.00
  88    28.531 55528.78235108 29.65 150.789912  66.144894 12.825 -100.00 -100.00 -100.00
  89    26.499 55538.69799745 29.89 150.779365  66.144851 13.549 -100.00 -100.00 -100.00
  89    29.007 55538.69799804 26.61 150.785850  66.144890  8.070 -100.00 -100.00 -100.00
  89    28.201 55538.69799863 27.69 150.792335  66.144929  9.963 -100.00 -100.00 -100.00
  90    27.920 55548.61364269 25.21 150.781234  66.144968  9.065 -100.00 -100.00 -100.00
  90    28.229 55548.61364328 25.42 150.787719  66.145007  9.722 -100.00 -100.00 -100.00
  91    30.550 55558.52928554 25.42 150.775927  66.145577 10.593 -100.00 -100.00 -100.00
  91    30.157 55558.52928613 26.63 150.782412  66.145617 12.502 -100.00 -100.00 -100.00
  94    23.686 55588.27620900 26.74 150.776984  66.144544 13.179 -100.00 -100.00 -100.00
  94    27.692 55588.27620959 24.88 150.783469  66.144583 10.218 -100.00 -100.00 -100.00
  94    27.739 55588.27621018 25.59 150.789955  66.144622 11.013 -100.00 -100.00 -100.00
  95    26.621 55598.19184517 25.85 150.776175  66.142131 11.578 -100.00 -100.00 -100.00
  95    28.722 55598.19184576 24.37 150.782660  66.142171  9.283 -100.00 -100.00 -100.00
  95    28.411 55598.19184635 23.98 150.789144  66.142210  8.750 -100.00 -100.00 -100.00
  95    28.365 55598.19184694 24.36 150.795629  66.142248  9.076 -100.00 -100.00 -100.00
  95    29.633 55598.19184753 23.52 150.802114  66.142287  6.581 -100.00 -100.00 -100.00
  96    30.415 55608.10747894 23.38 150.777815  66.140908  6.475 -100.00 -100.00 -100.00
  96    31.265 55608.10747953 23.16 150.784299  66.140947  6.936 -100.00 -100.00 -100.00
  96    31.207 55608.10748012 22.95 150.790784  66.140987  6.483 -100.00 -100.00 -100.00
  96    31.254 55608.10748071 22.11 150.797268  66.141025  5.303 -100.00 -100.00 -100.00
  96    31.060 55608.10748130 22.86 150.803753  66.141064  7.301 -100.00 -100.00 -100.00
  96    33.143 55608.10748189 21.83 150.810238  66.141102  4.867 -100.00 -100.00 -100.00
  97    30.056 55618.02311055 23.99 150.776622  66.141509  8.493 -100.00 -100.00 -100.00
  97    30.127 55618.02311114 23.43 150.783107  66.141549  7.911 -100.00 -100.00 -100.00
  97    31.466 55618.02311173 22.27 150.789592  66.141588  5.672 -100.00 -100.00 -100.00
  97    31.033 55618.02311232 22.54 150.796077  66.141627  6.136 -100.00 -100.00 -100.00
  97    32.090 55618.02311291 22.77 150.802561  66.141665  6.459 -100.00 -100.00 -100.00
  97    30.383 55618.02311350 22.45 150.809046  66.141704  5.716 -100.00 -100.00 -100.00
  98    29.978 55627.93875691 23.00 150.777912  66.143408  7.848 -100.00 -100.00 -100.00
  98    31.279 55627.93875750 22.56 150.784397  66.143448  6.656 -100.00 -100.00 -100.00
  98    28.130 55627.93875809 24.26 150.790882  66.143487 10.013 -100.00 -100.00 -100.00
  98    29.463 55627.93875868 22.38 150.797367  66.143526  6.569 -100.00 -100.00 -100.00
  99    30.706 55637.85440843 23.96 150.779851  66.144185  8.868 -100.00 -100.00 -100.00
  99    30.782 55637.85440902 22.63 150.786336  66.144224  7.709 -100.00 -100.00 -100.00
  99    32.695 55637.85440961 21.70 150.792821  66.144263  5.980 -100.00 -100.00 -100.00
 100    31.263 55647.77005726 20.49 150.774920  66.143256  6.697 -100.00 -100.00 -100.00
 100    32.623 55647.77005785 20.36 150.781404  66.143295  6.600 -100.00 -100.00 -100.00
 100    32.545 55647.77005844 20.61 150.787889  66.143334  7.320 -100.00 -100.00 -100.00
 100    32.988 55647.77005903 20.51 150.794373  66.143373  6.690 -100.00 -100.00 -100.00
 100    33.033 55647.77005962 20.16 150.800857  66.143412  4.996 -100.00 -100.00 -100.00
 101    31.619 55657.68570391 21.98 150.778265  66.141415  9.295 -100.00 -100.00 -100.00
 101    32.188 55657.68570450 20.34 150.784749  66.141455  6.776 -100.00 -100.00 -100.00
 101    31.465 55657.68570509 22.88 150.791233  66.141493 10.776 -100.00 -100.00 -100.00
 101    32.171 55657.68570568 21.97 150.797716  66.141532  9.221 -100.00 -100.00 -100.00
 101    32.496 55657.68570627 20.63 150.804200  66.141570  6.179 -100.00 -100.00 -100.00
 102    27.976 55667.60134587 14.72 150.775620  66.140587  6.256 -100.00 -100.00 -100.00
 102    26.300 55667.60134646 15.49 150.782104  66.140626  7.075 -100.00 -100.00 -100.00
 102    32.967 55667.60134705 14.59 150.788587  66.140665  5.372 -100.00 -100.00 -100.00
 102    27.912 55667.60134764 14.02 150.795070  66.140704  5.227 -100.00 -100.00 -100.00
 102    29.334 55667.60134823 13.00 150.801554  66.140742  3.542 -100.00 -100.00 -100.00
 102    33.195 55667.60134882 13.21 150.808037  66.140780  3.287 -100.00 -100.00 -100.00
 103    28.526 55677.51698559  9.02 150.778076  66.141647 10.626 -100.00 -100.00 -100.00
 103    28.702 55677.51698618  6.69 150.784559  66.141686  7.120 -100.00 -100.00 -100.00
 103    28.728 55677.51698677  7.72 150.791043  66.141725  7.119 -100.00 -100.00 -100.00
 103    28.335 55677.51698736 11.84 150.797527  66.141764 15.725 -100.00 -100.00 -100.00
 103    28.075 55677.51698795  9.25 150.804010  66.141802  9.223 -100.00 -100.00 -100.00
 104    23.377 55687.43262307 30.80 150.776819  66.143722   -100 -100.00 -100.00 -100.00
 104    23.410 55687.43262366 31.87 150.783303  66.143761   -100 -100.00 -100.00 -100.00
 104    23.504 55687.43262425 27.81 150.789788  66.143800   -100 -100.00 -100.00 -100.00
 104    23.446 55687.43262484 27.44 150.796272  66.143838   -100 -100.00 -100.00 -100.00
 105    24.593 55697.34825966 24.36 150.779505  66.145239 17.101 -100.00 -100.00 -100.00
 105    24.571 55697.34826025 25.80 150.785990  66.145279 21.551 -100.00 -100.00 -100.00
 106    29.736 55707.26389454 35.17 150.778340  66.145291 31.655 -100.00 -100.00 -100.00
 106    25.465 55707.26389513 36.42 150.784825  66.145330   -100 -100.00 -100.00 -100.00
 107    31.444 55717.17954584 37.95 150.779715  66.144593 25.571 -100.00 -100.00 -100.00
 107    31.588 55717.17954643 38.12 150.786200  66.144632 25.027 -100.00 -100.00 -100.00
 107    31.644 55717.17954702 38.26 150.792685  66.144671 22.569 -100.00 -100.00 -100.00
 108    31.477 55727.09519437 37.79 150.779412  66.144464 25.530 -100.00 -100.00 -100.00
 108    31.431 55727.09519496 35.06 150.785897  66.144503 18.713 -100.00 -100.00 -100.00
 108    31.395 55727.09519555 33.37 150.792382  66.144542 12.986 -100.00 -100.00 -100.00
 109    29.959 55737.01084089 31.69 150.775522  66.145297   -100 -100.00 -100.00 -100.00
 109    32.860 55737.01084148 24.52 150.782007  66.145336 11.033 -100.00 -100.00 -100.00
 109    33.093 55737.01084207 22.87 150.788493  66.145375  7.321 -100.00 -100.00 -100.00
 112    26.952 55766.75777103 28.58 150.774852  66.144279 16.215 -100.00 -100.00 -100.00
 112    29.644 55766.75777162 29.73 150.781337  66.144318 17.189 -100.00 -100.00 -100.00
 112    26.387 55766.75777221 34.46 150.787821  66.144357   -100 -100.00 -100.00 -100.00
 112    26.750 55766.75777280 35.72 150.794305  66.144396 29.022 -100.00 -100.00 -100.00
 113    27.791 55776.67340934 27.01 150.777937  66.141789 15.668 -100.00 -100.00 -100.00
 113    31.471 55776.67340993 21.80 150.784421  66.141829  6.778 -100.00 -100.00 -100.00
 113    28.980 55776.67341052 24.21 150.790904  66.141868 12.116 -100.00 -100.00 -100.00
 113    32.427 55776.67341111 21.37 150.797388  66.141906  7.168 -100.00 -100.00 -100.00
 113    33.687 55776.67341170 22.77 150.803872  66.141945  8.787 -100.00 -100.00 -100.00
 114    27.690 55786.58904463 33.27 150.777858  66.140465 30.747 -100.00 -100.00 -100.00
 114    28.612 55786.58904522 29.07 150.784342  66.140505 22.886 -100.00 -100.00 -100.00
 114    24.449 55786.58904581 30.62 150.790825  66.140544 32.073 -100.00 -100.00 -100.00
 114    24.593 55786.58904640 34.94 150.797308  66.140582   -100 -100.00 -100.00 -100.00
 114    25.207 55786.58904699 34.60 150.803791  66.140621 27.322 -100.00 -100.00 -100.00
 114    25.102 55786.58904758 35.67 150.810275  66.140659 28.876 -100.00 -100.00 -100.00
 115    28.496 55796.50467840 53.87 150.780325  66.141570  1.684 -100.00 -100.00 -100.00
 115    28.496 55796.50467899 55.26 150.786808  66.141609 11.398 -100.00 -100.00 -100.00
 115    28.496 55796.50467958 56.17 150.793292  66.141648 14.000 -100.00 -100.00 -100.00
 115    28.519 55796.50468017 54.62 150.799775  66.141687   -100 -100.00 -100.00 -100.00
 115    28.489 55796.50468076 53.47 150.806259  66.141725  1.382 -100.00 -100.00 -100.00
 116    26.805 55806.42031961 34.80 150.779765  66.143537   -100 -100.00 -100.00 -100.00
 116    27.095 55806.42032020 35.89 150.786249  66.143576   -100 -100.00 -100.00 -100.00
 116    26.733 55806.42032080 38.71 150.792734  66.143615 11.871 -100.00 -100.00 -100.00
 116    27.065 55806.42032139 40.55 150.799218  66.143654   -100 -100.00 -100.00 -100.00
 117    30.659 55816.33596844 25.84 150.776914  66.144623 12.780 -100.00 -100.00 -100.00
 117    32.764 55816.33596903 25.20 150.783399  66.144662 12.015 -100.00 -100.00 -100.00
 117    32.859 55816.33596962 25.30 150.789884  66.144702 12.658 -100.00 -100.00 -100.00
 118    27.369 55826.25161435 34.72 150.775751  66.143490 25.572 -100.00 -100.00 -100.00
 118    27.199 55826.25161494 39.10 150.782235  66.143530   -100 -100.00 -100.00 -100.00
 118    27.139 55826.25161553 38.57 150.788720  66.143569   -100 -100.00 -100.00 -100.00
 118    27.125 55826.25161612 38.70 150.795205  66.143608   -100 -100.00 -100.00 -100.00
 119    31.340 55836.16725605 30.64 150.777033  66.141640 15.218 -100.00 -100.00 -100.00
 119    32.592 55836.16725664 28.32 150.783517  66.141680  9.496 -100.00 -100.00 -100.00
 119    32.975 55836.16725723 27.84 150.790002  66.141719  8.111 -100.00 -100.00 -100.00
 119    33.177 55836.16725782 27.73 150.796487  66.141758  6.969 -100.00 -100.00 -100.00
 119    33.642 55836.16725841 31.65 150.802971  66.141796 15.476 -100.00 -100.00 -100.00
 120    24.004 55846.08289445 46.53 150.778581  66.140556   -100 -100.00 -100.00 -100.00
 120    23.968 55846.08289504 47.79 150.785066  66.140596   -100 -100.00 -100.00 -100.00
 120    23.797 55846.08289563 50.68 150.791550  66.140635   -100 -100.00 -100.00 -100.00
 120    23.784 55846.08289622 52.70 150.798035  66.140673  8.952 -100.00 -100.00 -100.00
 120    23.764 55846.08289681 49.90 150.804519  66.140712   -100 -100.00 -100.00 -100.00
 120    23.763 55846.08289740 46.68 150.811004  66.140750   -100 -100.00 -100.00 -100.00
 121    22.819 55855.99852989 44.45 150.776230  66.141822   -100 -100.00 -100.00 -100.00
 121    23.229 55855.99853048 44.40 150.782714  66.141861 31.330 -100.00 -100.00 -100.00
 121    22.830 55855.99853107 48.57 150.789199  66.141901   -100 -100.00 -100.00 -100.00
 121    22.594 55855.99853166 51.96 150.795684  66.141940   -100 -100.00 -100.00 -100.00
 121    22.493 55855.99853225 50.76 150.802169  66.141978   -100 -100.00 -100.00 -100.00
 121    22.709 55855.99853284 36.42 150.808654  66.142016   -100 -100.00 -100.00 -100.00
 122    22.751 55865.91417208 39.27 150.778299  66.144190   -100 -100.00 -100.00 -100.00
 122    22.921 55865.91417267 37.92 150.784785  66.144230   -100 -100.00 -100.00 -100.00
 122    22.712 55865.91417326 34.99 150.791270  66.144269 31.003 -100.00 -100.00 -100.00
 125    25.238 55895.66111271 27.95 150.781213  66.145210 15.109 -100.00 -100.00 -100.00
 125    28.095 55895.66111330 26.99 150.787698  66.145249 12.833 -100.00 -100.00 -100.00
 126    26.451 55905.57674825 25.49 150.779658  66.144451  9.753 -100.00 -100.00 -100.00
 126    24.861 55905.57674884 26.29 150.786143  66.144490 11.804 -100.00 -100.00 -100.00
 126    32.096 55905.57674943 25.15 150.792628  66.144529 10.129 -100.00 -100.00 -100.00
 127    30.689 55915.49239095 22.22 150.780650  66.144946  7.774 -100.00 -100.00 -100.00
 127    28.608 55915.49239154 21.61 150.787135  66.144985  6.887 -100.00 -100.00 -100.00
 130    31.110 55945.23934035 18.70 150.775829  66.144215  4.757 -100.00 -100.00 -100.00
 130    29.726 55945.23934094 19.00 150.782315  66.144255  4.835 -100.00 -100.00 -100.00
 130    31.127 55945.23934153 19.21 150.788800  66.144294  4.984 -100.00 -100.00 -100.00
 130    31.041 55945.23934212 19.34 150.795285  66.144332  5.855 -100.00 -100.00 -100.00
 131    32.619 55955.15498210 19.24 150.781163  66.141715  5.861 -100.00 -100.00 -100.00
 131    31.904 55955.15498270 18.76 150.787648  66.141754  4.753 -100.00 -100.00 -100.00
 131    32.113 55955.15498329 18.70 150.794133  66.141793  4.562 -100.00 -100.00 -100.00
 131    32.221 55955.15498388 18.78 150.800618  66.141831  5.128 -100.00 -100.00 -100.00
 131    32.995 55955.15498447 18.42 150.807103  66.141869  4.312 -100.00 -100.00 -100.00
 132    29.882 55965.07062032 18.99 150.777249  66.140368  4.858 -100.00 -100.00 -100.00
 132    29.752 55965.07062091 19.52 150.783734  66.140407  6.094 -100.00 -100.00 -100.00
 132    32.001 55965.07062150 19.08 150.790218  66.140446  5.257 -100.00 -100.00 -100.00
 132    31.935 55965.07062209 19.14 150.796703  66.140485  5.062 -100.00 -100.00 -100.00
 132    31.206 55965.07062268 18.89 150.803187  66.140523  4.731 -100.00 -100.00 -100.00
 132    31.875 55965.07062327 18.84 150.809672  66.140561  4.606 -100.00 -100.00 -100.00
 133    29.918 55974.98625759 18.96 150.777576  66.141429  5.545 -100.00 -100.00 -100.00
 133    31.452 55974.98625818 18.75 150.784060  66.141469  5.473 -100.00 -100.00 -100.00
 133    31.476 55974.98625877 17.89 150.790545  66.141507  4.231 -100.00 -100.00 -100.00
 133    32.124 55974.98625936 18.38 150.797029  66.141546  5.211 -100.00 -100.00 -100.00
 133    32.240 55974.98625995 18.19 150.803514  66.141584  4.382 -100.00 -100.00 -100.00
 134    30.890 55984.90189364 18.80 150.775121  66.143612  5.419 -100.00 -100.00 -100.00
 134    29.831 55984.90189423 18.56 150.781606  66.143652  4.562 -100.00 -100.00 -100.00
 134    31.610 55984.90189482 17.98 150.788091  66.143691  4.278 -100.00 -100.00 -100.00
 134    31.752 55984.90189541 19.73 150.794576  66.143729  6.912 -100.00 -100.00 -100.00
 135    30.737 55994.81752764 18.05 150.777545  66.144762  3.845 -100.00 -100.00 -100.00
 135    31.384 55994.81752823 18.26 150.784030  66.144801  4.971 -100.00 -100.00 -100.00
 135    31.554 55994.81752882 19.07 150.790515  66.144841  5.738 -100.00 -100.00 -100.00
 136    31.276 56004.73318011 17.72 150.780031  66.143750  3.550 -100.00 -100.00 -100.00
 136    31.328 56004.73318070 18.91 150.786516  66.143789  5.543 -100.00 -100.00 -100.00
 136    31.111 56004.73318129 17.99 150.793000  66.143828  4.806 -100.00 -100.00 -100.00
 137    29.827 56014.64882825 18.38 150.777532  66.141597  5.147 -100.00 -100.00 -100.00
 137    31.267 56014.64882884 17.90 150.784015  66.141636  4.621 -100.00 -100.00 -100.00
 137    31.628 56014.64882943 17.81 150.790499  66.141675  4.241 -100.00 -100.00 -100.00
 137    31.855 56014.64883002 17.73 150.796982  66.141714  4.494 -100.00 -100.00 -100.00
 137    33.121 56014.64883061 17.74 150.803466  66.141752  3.798 -100.00 -100.00 -100.00
 138    31.393 56024.56447350 17.98 150.777169  66.140742  4.849 -100.00 -100.00 -100.00
 138    29.658 56024.56447409 18.20 150.783652  66.140781  4.763 -100.00 -100.00 -100.00
 138    30.046 56024.56447468 17.41 150.790136  66.140820  3.901 -100.00 -100.00 -100.00
 138    31.775 56024.56447527 17.39 150.796619  66.140858  4.387 -100.00 -100.00 -100.00
 138    31.918 56024.56447586 17.45 150.803102  66.140896  4.247 -100.00 -100.00 -100.00
 138    31.973 56024.56447645 17.46 150.809585  66.140934  4.911 -100.00 -100.00 -100.00
 139    32.438 56034.48011697 15.07 150.780325  66.142224  3.578 -100.00 -100.00 -100.00
 139    31.559 56034.48011756 14.71 150.786809  66.142263  3.965 -100.00 -100.00 -100.00
 139    31.831 56034.48011815 15.16 150.793292  66.142302  3.819 -100.00 -100.00 -100.00
 139    31.594 56034.48011874 15.25 150.799776  66.142340  4.355 -100.00 -100.00 -100.00
 139    33.348 56034.48011933 14.98 150.806260  66.142378  3.499 -100.00 -100.00 -100.00
 140    27.095 56044.39575786 20.12 150.778026  66.144723 21.075 -100.00 -100.00 -100.00
 140    33.071 56044.39575845 13.50 150.784510  66.144762  8.333 -100.00 -100.00 -100.00
 140    26.672 56044.39575904 15.17 150.790994  66.144801 11.012 -100.00 -100.00 -100.00
 143    30.228 56074.14267406 29.84 150.774901  66.145212 11.756 -100.00 -100.00 -100.00
 143    30.080 56074.14267465 33.14 150.781386  66.145251 21.501 -100.00 -100.00 -100.00
 143    30.164 56074.14267524 35.25 150.787871  66.145291 25.694 -100.00 -100.00 -100.00
 144    31.155 56084.05832419 25.24 150.779143  66.144667 13.104 -100.00 -100.00 -100.00
 144    33.026 56084.05832478 22.09 150.785628  66.144706  7.440 -100.00 -100.00 -100.00
 144    33.339 56084.05832537 22.52 150.792113  66.144745  6.569 -100.00 -100.00 -100.00
 145    29.764 56093.97397136 26.85 150.776893  66.144859 20.985 -100.00 -100.00 -100.00
 145    32.925 56093.97397195 21.20 150.783378  66.144899  8.301 -100.00 -100.00 -100.00
 145    33.086 56093.97397254 21.99 150.789863  66.144937 10.433 -100.00 -100.00 -100.00
 146    25.501 56103.88961668 54.09 150.778141  66.145484   -100 -100.00 -100.00 -100.00
 146    25.564 56103.88961727 56.07 150.784626  66.145523   -100 -100.00 -100.00 -100.00
 147    24.840 56113.80524764 56.34 150.780743  66.145103 19.016 -100.00 -100.00 -100.00
 147    24.579 56113.80524823 57.12 150.787228  66.145142   -100 -100.00 -100.00 -100.00
 148    27.352 56123.72088588 30.47 150.777626  66.143856 28.261 -100.00 -100.00 -100.00
 148    24.604 56123.72088647 32.49 150.784110  66.143896   -100 -100.00 -100.00 -100.00
 148    24.603 56123.72088706 34.26 150.790594  66.143935   -100 -100.00 -100.00 -100.00
 148    25.171 56123.72088765 40.48 150.797078  66.143973 25.790 -100.00 -100.00 -100.00
 149    23.987 56133.63652049 39.46 150.778211  66.142015   -100 -100.00 -100.00 -100.00
 149    23.992 56133.63652108 40.70 150.784695  66.142054   -100 -100.00 -100.00 -100.00
 149    24.499 56133.63652167 43.56 150.791178  66.142093 26.828 -100.00 -100.00 -100.00
 149    24.116 56133.63652226 47.87 150.797662  66.142132   -100 -100.00 -100.00 -100.00
 149    23.711 56133.63652285 52.13 150.804145  66.142170 28.251 -100.00 -100.00 -100.00
 150    27.570 56143.55215930 36.02 150.777438  66.141163   -100 -100.00 -100.00 -100.00
 150    28.755 56143.55215989 28.09 150.783922  66.141203 18.168 -100.00 -100.00 -100.00
 150    28.835 56143.55216048 26.50 150.790405  66.141242 14.316 -100.00 -100.00 -100.00
 150    23.577 56143.55216107 28.24 150.796888  66.141280 18.591 -100.00 -100.00 -100.00
 150    33.143 56143.55216166 28.18 150.803371  66.141319 17.778 -100.00 -100.00 -100.00
 150    33.387 56143.55216225 33.89 150.809855  66.141357 28.959 -100.00 -100.00 -100.00
 151    27.408 56153.46780966 32.21 150.776044  66.141804 26.225 -100.00 -100.00 -100.00
 151    24.585 56153.46781025 36.70 150.782528  66.141843   -100 -100.00 -100.00 -100.00
 151    24.771 56153.46781084 37.63 150.789011  66.141882   -100 -100.00 -100.00 -100.00
 151    25.173 56153.46781143 38.63 150.795495  66.141921   -100 -100.00 -100.00 -100.00
 151    25.715 56153.46781202 40.72 150.801979  66.141959 20.518 -100.00 -100.00 -100.00
 151    24.771 56153.46781261 46.83 150.808462  66.141997   -100 -100.00 -100.00 -100.00
 152    30.061 56163.38345926 26.34 150.781231  66.143397 14.444 -100.00 -100.00 -100.00
 152    32.526 56163.38345985 27.67 150.787715  66.143436 18.503 -100.00 -100.00 -100.00
 152    33.013 56163.38346044 24.74 150.794200  66.143475 12.446 -100.00 -100.00 -100.00
 152    33.534 56163.38346103 25.04 150.800684  66.143514 12.244 -100.00 -100.00 -100.00
 153    29.672 56173.29910620 29.76 150.779817  66.144377 26.012 -100.00 -100.00 -100.00
 153    28.225 56173.29910679 31.78 150.786302  66.144416   -100 -100.00 -100.00 -100.00
 153    28.297 56173.29910738 32.51 150.792786  66.144455 29.591 -100.00 -100.00 -100.00
 154    25.944 56183.21474826 47.57 150.779980  66.143931  8.863 -100.00 -100.00 -100.00
 154    25.935 56183.21474885 47.96 150.786465  66.143970  3.370 -100.00 -100.00 -100.00
 154    25.895 56183.21474944 49.10 150.792950  66.144009 15.028 -100.00 -100.00 -100.00
 155    32.226 56193.13038654 24.43 150.779735  66.142537 14.491 -100.00 -100.00 -100.00
 155    32.776 56193.13038713 21.16 150.786220  66.142576  7.177 -100.00 -100.00 -100.00
 155    33.209 56193.13038772 20.39 150.792705  66.142615  6.714 -100.00 -100.00 -100.00
 155    33.612 56193.13038831 21.24 150.799190  66.142654  8.523 -100.00 -100.00 -100.00
 155    33.697 56193.13038890 29.53 150.805675  66.142692 24.887 -100.00 -100.00 -100.00
 156    29.540 56203.04602223 26.72 150.781074  66.141788 18.562 -100.00 -100.00 -100.00
 156    30.982 56203.04602282 23.22 150.787558  66.141827  8.252 -100.00 -100.00 -100.00
 156    33.209 56203.04602341 22.17 150.794043  66.141866  6.666 -100.00 -100.00 -100.00
 156    33.412 56203.04602400 23.36 150.800527  66.141905  9.471 -100.00 -100.00 -100.00
 156    33.615 56203.04602459 28.91 150.807012  66.141943 23.546 -100.00 -100.00 -100.00
 157    22.986 56212.96165597 57.54 150.779678  66.142802   -100 -100.00 -100.00 -100.00
 157    23.055 56212.96165656 53.64 150.786162  66.142841   -100 -100.00 -100.00 -100.00
 157    23.266 56212.96165715 44.46 150.792647  66.142880   -100 -100.00 -100.00 -100.00
 157    23.004 56212.96165774 43.83 150.799132  66.142919  7.746 -100.00 -100.00 -100.00
 158    22.549 56222.87728781 46.45 150.776142  66.144931  4.995 -100.00 -100.00 -100.00
 158    22.416 56222.87728840 45.88 150.782628  66.144970  9.564 -100.00 -100.00 -100.00
 158    22.436 56222.87728899 41.32 150.789113  66.145010   -100 -100.00 -100.00 -100.00
 162    30.551 56262.53988753 25.50 150.776115  66.144961  7.710 -100.00 -100.00 -100.00
 162    28.778 56262.53988812 24.97 150.782599  66.145000  7.263 -100.00 -100.00 -100.00
 162    28.908 56262.53988871 26.55 150.789084  66.145039 10.045 -100.00 -100.00 -100.00
 163    30.620 56272.45552879 24.55 150.776040  66.144884  8.334 -100.00 -100.00 -100.00
 163    27.958 56272.45552938 25.16 150.782525  66.144923  9.118 -100.00 -100.00 -100.00
 163    32.643 56272.45552997 24.01 150.789010  66.144962  6.811 -100.00 -100.00 -100.00
 164    30.429 56282.37117112 20.44 150.778192  66.145006  5.796 -100.00 -100.00 -100.00
 164    29.648 56282.37117171 20.66 150.784677  66.145045  5.744 -100.00 -100.00 -100.00
 164    29.755 56282.37117230 20.23 150.791162  66.145084  5.278 -100.00 -100.00 -100.00
 165    30.814 56292.28682303 20.21 150.777959  66.144610  4.981 -100.00 -100.00 -100.00
 165    32.465 56292.28682362 19.73 150.784444  66.144649  4.369 -100.00 -100.00 -100.00
 165    29.874 56292.28682421 19.95 150.790929  66.144688  4.324 -100.00 -100.00 -100.00
 166    30.284 56302.20247056 19.69 150.778610  66.143314  4.549 -100.00 -100.00 -100.00
 166    31.121 56302.20247115 19.79 150.785095  66.143353  4.188 -100.00 -100.00 -100.00
 166    32.792 56302.20247174 19.23 150.791580  66.143392  3.787 -100.00 -100.00 -100.00
 166    32.320 56302.20247233 19.73 150.798065  66.143430  4.028 -100.00 -100.00 -100.00
 167    31.453 56312.11811352 19.68 150.775396  66.141975  4.508 -100.00 -100.00 -100.00
 167    31.328 56312.11811411 19.66 150.781881  66.142014  4.499 -100.00 -100.00 -100.00
 167    31.219 56312.11811470 19.64 150.788366  66.142053  4.092 -100.00 -100.00 -100.00
 167    31.188 56312.11811529 19.48 150.794851  66.142092  4.024 -100.00 -100.00 -100.00
 167    30.809 56312.11811588 20.19 150.801336  66.142130  5.167 -100.00 -100.00 -100.00
 167    33.286 56312.11811647 19.68 150.807821  66.142168  4.292 -100.00 -100.00 -100.00
 168    31.319 56322.03375489 19.03 150.778398  66.141730  4.058 -100.00 -100.00 -100.00
 168    31.421 56322.03375548 19.04 150.784883  66.141769  4.056 -100.00 -100.00 -100.00
 168    31.254 56322.03375607 18.99 150.791368  66.141808  4.031 -100.00 -100.00 -100.00
 168    31.158 56322.03375666 19.02 150.797852  66.141846  3.889 -100.00 -100.00 -100.00
 168    31.277 56322.03375725 19.34 150.804337  66.141884  4.925 -100.00 -100.00 -100.00
 169    31.260 56331.94939528 18.70 150.776958  66.142655  3.961 -100.00 -100.00 -100.00
 169    31.441 56331.94939587 18.60 150.783443  66.142694  3.837 -100.00 -100.00 -100.00
 169    31.277 56331.94939646 18.91 150.789927  66.142733  4.161 -100.00 -100.00 -100.00
 169    31.215 56331.94939706 18.53 150.796412  66.142771  3.774 -100.00 -100.00 -100.00
 169    32.209 56331.94939765 18.89 150.802897  66.142809  4.385 -100.00 -100.00 -100.00
 170    31.272 56341.86503538 18.03 150.777174  66.143651  3.496 -100.00 -100.00 -100.00
 170    32.533 56341.86503597 18.15 150.783658  66.143690  4.060 -100.00 -100.00 -100.00
 170    33.126 56341.86503656 18.17 150.790143  66.143729  4.098 -100.00 -100.00 -100.00
 170    32.912 56341.86503715 18.20 150.796628  66.143767  4.653 -100.00 -100.00 -100.00
 171    32.481 56351.78067321 17.85 150.777792  66.143963  3.761 -100.00 -100.00 -100.00
 171    32.468 56351.78067380 17.63 150.784277  66.144002  3.155 -100.00 -100.00 -100.00
 171    33.185 56351.78067440 17.99 150.790762  66.144041  3.858 -100.00 -100.00 -100.00
 171    33.083 56351.78067499 17.69 150.797246  66.144080  3.568 -100.00 -100.00 -100.00
 172    32.026 56361.69631299 17.95 150.775476  66.143253  3.888 -100.00 -100.00 -100.00
 172    31.299 56361.69631358 17.66 150.781960  66.143293  3.912 -100.00 -100.00 -100.00
 172    31.238 56361.69631417 18.06 150.788445  66.143332  4.317 -100.00 -100.00 -100.00
 172    33.095 56361.69631476 17.89 150.794929  66.143371  4.449 -100.00 -100.00 -100.00
 172    33.138 56361.69631535 17.60 150.801413  66.143410  3.542 -100.00 -100.00 -100.00
 173    32.300 56371.61196268 15.99 150.778648  66.142590  3.533 -100.00 -100.00 -100.00
 173    31.363 56371.61196327 16.26 150.785132  66.142629  4.442 -100.00 -100.00 -100.00
 173    32.940 56371.61196386 15.49 150.791616  66.142668  3.600 -100.00 -100.00 -100.00
 173    30.944 56371.61196445 15.98 150.798100  66.142707  3.903 -100.00 -100.00 -100.00
 173    33.487 56371.61196504 15.80 150.804584  66.142745  3.807 -100.00 -100.00 -100.00
 174    31.324 56381.52760943 16.55 150.778686  66.142885  3.696 -100.00 -100.00 -100.00
 174    31.244 56381.52761002 16.57 150.785170  66.142924  3.997 -100.00 -100.00 -100.00
 174    31.421 56381.52761061 16.19 150.791654  66.142962  3.543 -100.00 -100.00 -100.00
 174    31.140 56381.52761120 16.06 150.798138  66.143001  3.317 -100.00 -100.00 -100.00
 175    31.206 56391.44325402 15.64 150.778472  66.144296  3.406 -100.00 -100.00 -100.00
 175    31.336 56391.44325461 15.59 150.784956  66.144335  3.537 -100.00 -100.00 -100.00
 175    32.888 56391.44325520 15.42 150.791441  66.144374  3.640 -100.00 -100.00 -100.00
 176    29.238 56401.35889681 11.20 150.776445  66.145633  3.486 -100.00 -100.00 -100.00
 176    29.056 56401.35889740 11.22 150.782930  66.145673  3.497 -100.00 -100.00 -100.00
 180    32.430 56441.02146394 27.20 150.775317  66.145469  8.714 -100.00 -100.00 -100.00
 180    32.593 56441.02146453 29.60 150.781802  66.145508 11.704 -100.00 -100.00 -100.00
 181    30.131 56450.93711444 32.23 150.776260  66.145429   -100 -100.00 -100.00 -100.00
 181    32.498 56450.93711503 27.03 150.782745  66.145468 17.366 -100.00 -100.00 -100.00
 182    27.922 56460.85276267 49.99 150.777633  66.144904   -100 -100.00 -100.00 -100.00
 182    27.920 56460.85276327 54.02 150.784117  66.144943   -100 -100.00 -100.00 -100.00
 182    27.865 56460.85276386 53.83 150.790602  66.144981   -100 -100.00 -100.00 -100.00
 183    28.034 56470.76840760 33.74 150.778921  66.143706 31.502 -100.00 -100.00 -100.00
 183    28.101 56470.76840819 35.21 150.785405  66.143745 29.417 -100.00 -100.00 -100.00
 183    28.461 56470.76840878 37.08 150.791889  66.143784 27.313 -100.00 -100.00 -100.00
 183    28.556 56470.76840937 40.77 150.798373  66.143822 29.630 -100.00 -100.00 -100.00
 184    26.219 56480.68404846 52.17 150.775924  66.142607   -100 -100.00 -100.00 -100.00
 184    26.201 56480.68404905 52.67 150.782408  66.142646   -100 -100.00 -100.00 -100.00
 184    26.204 56480.68404964 53.93 150.788892  66.142685   -100 -100.00 -100.00 -100.00
 184    26.194 56480.68405023 54.35 150.795376  66.142724  2.221 -100.00 -100.00 -100.00
 184    26.199 56480.68405083 50.44 150.801859  66.142762   -100 -100.00 -100.00 -100.00
 185    24.792 56490.59968610 30.42 150.780439  66.142232 28.760 -100.00 -100.00 -100.00
 185    24.827 56490.59968669 33.08 150.786922  66.142271   -100 -100.00 -100.00 -100.00
 185    25.125 56490.59968728 32.94 150.793406  66.142310 30.876 -100.00 -100.00 -100.00
 185    25.103 56490.59968787 33.92 150.799889  66.142348   -100 -100.00 -100.00 -100.00
 185    25.395 56490.59968846 37.67 150.806373  66.142386   -100 -100.00 -100.00 -100.00
 186    29.864 56500.51532052 26.08 150.777258  66.142696 15.682 -100.00 -100.00 -100.00
 186    29.186 56500.51532111 26.65 150.783742  66.142735 17.939 -100.00 -100.00 -100.00
 186    28.599 56500.51532170 26.07 150.790226  66.142774 16.377 -100.00 -100.00 -100.00
 186    26.428 56500.51532229 29.66 150.796710  66.142813 26.853 -100.00 -100.00 -100.00
 186    33.599 56500.51532288 28.00 150.803194  66.142851 19.551 -100.00 -100.00 -100.00
 187    26.934 56510.43095402 56.30 150.779350  66.143483 28.471 -100.00 -100.00 -100.00
 187    27.194 56510.43095461 54.41 150.785835  66.143522   -100 -100.00 -100.00 -100.00
 187    27.178 56510.43095520 52.43 150.792319  66.143561  4.075 -100.00 -100.00 -100.00
 187    27.157 56510.43095579 55.07 150.798803  66.143600 11.829 -100.00 -100.00 -100.00
 188    28.478 56520.34659738 52.23 150.778875  66.143855   -100 -100.00 -100.00 -100.00
 188    28.418 56520.34659797 53.06 150.785359  66.143895  4.980 -100.00 -100.00 -100.00
 188    28.198 56520.34659856 54.34 150.791844  66.143934 29.929 -100.00 -100.00 -100.00
 188    28.196 56520.34659915 55.08 150.798328  66.143973   -100 -100.00 -100.00 -100.00
 189    30.655 56530.26225089 28.71 150.779863  66.143642 15.338 -100.00 -100.00 -100.00
 189    30.724 56530.26225148 28.81 150.786347  66.143681 15.644 -100.00 -100.00 -100.00
 189    30.884 56530.26225207 29.38 150.792832  66.143720 15.857 -100.00 -100.00 -100.00
 189    33.392 56530.26225266 28.81 150.799317  66.143759 14.376 -100.00 -100.00 -100.00
 190    31.236 56540.17790029 25.32 150.778632  66.143152 14.831 -100.00 -100.00 -100.00
 190    32.774 56540.17790088 23.73 150.785117  66.143191 11.333 -100.00 -100.00 -100.00
 190    30.975 56540.17790147 25.68 150.791602  66.143230 15.099 -100.00 -100.00 -100.00
 190    33.571 56540.17790206 22.87 150.798087  66.143269  9.680 -100.00 -100.00 -100.00
 191    27.496 56550.09354520 30.98 150.775701  66.143015 27.439 -100.00 -100.00 -100.00
 191    26.038 56550.09354579 34.97 150.782186  66.143055   -100 -100.00 -100.00 -100.00
 191    26.391 56550.09354638 35.17 150.788671  66.143094 29.812 -100.00 -100.00 -100.00
 191    26.023 56550.09354697 37.27 150.795156  66.143132   -100 -100.00 -100.00 -100.00
 191    26.181 56550.09354756 41.73 150.801641  66.143171   -100 -100.00 -100.00 -100.00
 192    25.790 56560.00918803 47.06 150.775312  66.143920   -100 -100.00 -100.00 -100.00
 192    25.656 56560.00918862 48.36 150.781797  66.143959 28.031 -100.00 -100.00 -100.00
 192    25.840 56560.00918921 50.20 150.788282  66.143998   -100 -100.00 -100.00 -100.00
 192    25.626 56560.00918980 50.41 150.794767  66.144037 22.862 -100.00 -100.00 -100.00
 193    24.125 56569.92483008 56.39 150.777245  66.145313   -100 -100.00 -100.00 -100.00
 193    24.226 56569.92483067 56.36 150.783730  66.145352 32.323 -100.00 -100.00 -100.00
 196    23.049 56599.67175289 37.30 150.778143  66.145649 25.461 -100.00 -100.00 -100.00
 196    23.187 56599.67175348 35.43 150.784628  66.145688 20.645 -100.00 -100.00 -100.00
 197    30.568 56609.58740368 27.48 150.780168  66.145010  8.720 -100.00 -100.00 -100.00
 197    30.789 56609.58740427 26.65 150.786653  66.145050  6.353 -100.00 -100.00 -100.00
 198    30.431 56619.50304936 25.58 150.779256  66.145377  5.827 -100.00 -100.00 -100.00
 198    28.706 56619.50304995 25.39 150.785741  66.145416  6.927 -100.00 -100.00 -100.00
 200    31.385 56639.33433108 22.84 150.776613  66.145251  4.242 -100.00 -100.00 -100.00
 200    31.583 56639.33433167 23.03 150.783098  66.145290  4.110 -100.00 -100.00 -100.00
 201    31.103 56649.24997620 22.92 150.777514  66.143482  4.672 -100.00 -100.00 -100.00
 201    32.707 56649.24997679 22.91 150.783999  66.143522  4.652 -100.00 -100.00 -100.00
 201    31.697 56649.24997738 22.93 150.790484  66.143561  5.022 -100.00 -100.00 -100.00
 201    31.705 56649.24997797 22.70 150.796970  66.143599  4.951 -100.00 -100.00 -100.00
 202    31.203 56659.16562738 22.94 150.777070  66.141741  5.151 -100.00 -100.00 -100.00
 202    31.210 56659.16562797 22.87 150.783555  66.141780  4.686 -100.00 -100.00 -100.00
 202    31.375 56659.16562856 22.47 150.790039  66.141819  5.066 -100.00 -100.00 -100.00
 202    30.805 56659.16562915 22.74 150.796524  66.141858  4.943 -100.00 -100.00 -100.00
 202    31.663 56659.16562974 22.91 150.803009  66.141896  5.333 -100.00 -100.00 -100.00
 203    30.334 56669.08127462 22.50 150.776274  66.141493  5.084 -100.00 -100.00 -100.00
 203    30.263 56669.08127521 22.06 150.782759  66.141533  4.558 -100.00 -100.00 -100.00
 203    31.744 56669.08127580 21.72 150.789244  66.141571  4.221 -100.00 -100.00 -100.00
 203    31.611 56669.08127639 22.50 150.795729  66.141610  4.952 -100.00 -100.00 -100.00
 203    32.301 56669.08127698 22.04 150.802214  66.141648  4.595 -100.00 -100.00 -100.00
 203    32.254 56669.08127757 22.17 150.808699  66.141686  4.515 -100.00 -100.00 -100.00
 204    31.203 56678.99691992 22.13 150.780259  66.143074  4.521 -100.00 -100.00 -100.00
 204    29.852 56678.99692051 22.23 150.786744  66.143113  4.761 -100.00 -100.00 -100.00
 204    31.648 56678.99692110 22.03 150.793229  66.143151  5.311 -100.00 -100.00 -100.00
 204    32.477 56678.99692169 22.40 150.799714  66.143189  5.073 -100.00 -100.00 -100.00
 205    30.701 56688.91256324 20.47 150.779085  66.144641  4.564 -100.00 -100.00 -100.00
 205    31.242 56688.91256383 20.41 150.785570  66.144680  4.604 -100.00 -100.00 -100.00
 205    30.607 56688.91256442 20.00 150.792055  66.144719  3.547 -100.00 -100.00 -100.00
 206    31.050 56698.82820377 19.92 150.775903  66.144743  3.580 -100.00 -100.00 -100.00
 206    31.259 56698.82820436 20.21 150.782388  66.144782  4.553 -100.00 -100.00 -100.00
 206    31.597 56698.82820495 19.76 150.788873  66.144821  4.063 -100.00 -100.00 -100.00
 207    31.034 56708.74384002 20.50 150.776729  66.143515  4.854 -100.00 -100.00 -100.00
 207    31.370 56708.74384061 20.56 150.783214  66.143554  4.609 -100.00 -100.00 -100.00
 207    31.311 56708.74384120 20.27 150.789698  66.143593  3.870 -100.00 -100.00 -100.00
 207    30.943 56708.74384179 19.97 150.796183  66.143632  3.822 -100.00 -100.00 -100.00
 208    31.405 56718.65947877 19.38 150.775565  66.142453  4.556 -100.00 -100.00 -100.00
 208    31.399 56718.65947936 19.49 150.782049  66.142492  4.205 -100.00 -100.00 -100.00
 208    31.459 56718.65947995 19.48 150.788533  66.142531  3.886 -100.00 -100.00 -100.00
 208    31.481 56718.65948054 19.17 150.795017  66.142570  3.485 -100.00 -100.00 -100.00
 208    31.262 56718.65948113 18.85 150.801501  66.142609  3.465 -100.00 -100.00 -100.00
 210    31.410 56738.49078032 18.48 150.780906  66.144828  4.177 -100.00 -100.00 -100.00
 210    32.381 56738.49078091 18.32 150.787390  66.144867  3.715 -100.00 -100.00 -100.00
 214    31.196 56778.15334592 12.47 150.779986  66.145037  3.362 -100.00 -100.00 -100.00
 214    31.469 56778.15334651 12.34 150.786471  66.145076  3.731 -100.00 -100.00 -100.00
 215    31.761 56788.06900186 13.94 150.779908  66.144702  5.478 -100.00 -100.00 -100.00
 215    32.148 56788.06900246 14.20 150.786393  66.144741  6.112 -100.00 -100.00 -100.00
 215    32.315 56788.06900305 14.31 150.792878  66.144780  6.471 -100.00 -100.00 -100.00
 216    23.550 56797.98465394 27.73 150.775847  66.145270   -100 -100.00 -100.00 -100.00
 216    27.437 56797.98465453 23.81 150.782332  66.145309 21.251 -100.00 -100.00 -100.00
 216    23.334 56797.98465512 28.27 150.788817  66.145348   -100 -100.00 -100.00 -100.00
 219    30.179 56827.73157907 54.81 150.775614  66.143624   -100 -100.00 -100.00 -100.00
 219    30.151 56827.73157966 54.58 150.782098  66.143663   -100 -100.00 -100.00 -100.00
 219    30.122 56827.73158025 54.27 150.788582  66.143702   -100 -100.00 -100.00 -100.00
 219    30.091 56827.73158084 55.28 150.795066  66.143740   -100 -100.00 -100.00 -100.00
 221    28.022 56847.56284462 52.89 150.777485  66.141557   -100 -100.00 -100.00 -100.00
 221    28.011 56847.56284521 51.34 150.783968  66.141596   -100 -100.00 -100.00 -100.00
 221    28.016 56847.56284580 55.42 150.790452  66.141635   -100 -100.00 -100.00 -100.00
 221    28.016 56847.56284639 52.67 150.796935  66.141674   -100 -100.00 -100.00 -100.00
 221    28.035 56847.56284698 52.60 150.803418  66.141713  1.274 -100.00 -100.00 -100.00
 222    26.492 56857.47849687 50.55 150.778634  66.143074 20.904 -100.00 -100.00 -100.00
 222    26.399 56857.47849746 53.59 150.785117  66.143113   -100 -100.00 -100.00 -100.00
 222    26.360 56857.47849805 53.67 150.791601  66.143152   -100 -100.00 -100.00 -100.00
 222    26.593 56857.47849864 54.82 150.798085  66.143191  8.338 -100.00 -100.00 -100.00
 223    28.513 56867.39415047 52.48 150.780574  66.144997   -100 -100.00 -100.00 -100.00
 223    28.555 56867.39415106 54.49 150.787058  66.145036 22.183 -100.00 -100.00 -100.00
 224    28.676 56877.30980228 53.86 150.780633  66.145340 31.639 -100.00 -100.00 -100.00
 224    28.930 56877.30980287 54.12 150.787117  66.145379  4.465 -100.00 -100.00 -100.00
 225    29.905 56887.22545049 28.28 150.776009  66.144299 22.760 -100.00 -100.00 -100.00
 225    32.428 56887.22545108 23.16 150.782493  66.144338  9.542 -100.00 -100.00 -100.00
 225    32.940 56887.22545167 22.51 150.788978  66.144377  9.546 -100.00 -100.00 -100.00
 225    33.321 56887.22545226 22.38 150.795463  66.144415  8.634 -100.00 -100.00 -100.00
 226    29.559 56897.14109663 26.47 150.778387  66.142935 15.866 -100.00 -100.00 -100.00
 226    32.491 56897.14109722 22.01 150.784872  66.142974  7.709 -100.00 -100.00 -100.00
 226    33.029 56897.14109781 21.93 150.791356  66.143012  7.390 -100.00 -100.00 -100.00
 226    33.608 56897.14109840 22.40 150.797841  66.143050  8.423 -100.00 -100.00 -100.00
 227    27.604 56907.05673964 29.21 150.776798  66.143188 26.479 -100.00 -100.00 -100.00
 227    32.629 56907.05674023 21.98 150.783283  66.143227  8.163 -100.00 -100.00 -100.00
 227    32.985 56907.05674082 20.56 150.789768  66.143265  5.521 -100.00 -100.00 -100.00
 227    33.406 56907.05674141 20.31 150.796253  66.143304  5.451 -100.00 -100.00 -100.00
 228    29.985 56916.97238065 29.11 150.776620  66.145146 21.658 -100.00 -100.00 -100.00
 228    29.516 56916.97238124 26.42 150.783105  66.145185 14.953 -100.00 -100.00 -100.00
 228    32.900 56916.97238183 23.53 150.789591  66.145224  9.398 -100.00 -100.00 -100.00
 232    27.829 56956.63493955 27.82 150.778763  66.144751 11.148 -100.00 -100.00 -100.00
 232    32.273 56956.63494014 30.05 150.785248  66.144791 15.256 -100.00 -100.00 -100.00
 232    23.224 56956.63494073 31.43 150.791732  66.144830 17.776 -100.00 -100.00 -100.00
 233    31.023 56966.55058841 20.82 150.779862  66.143842  7.823 -100.00 -100.00 -100.00
 233    29.229 56966.55058900 21.55 150.786346  66.143881  7.975 -100.00 -100.00 -100.00
 233    33.059 56966.55058959 19.14 150.792830  66.143920  4.934 -100.00 -100.00 -100.00
 234    30.992 56976.46623292 17.07 150.779430  66.144659  3.644 -100.00 -100.00 -100.00
 234    29.882 56976.46623351 17.47 150.785915  66.144698  4.414 -100.00 -100.00 -100.00
 234    30.153 56976.46623410 17.44 150.792400  66.144737  4.370 -100.00 -100.00 -100.00
 235    30.728 56986.38187267 17.57 150.776181  66.145847  3.604 -100.00 -100.00 -100.00
 235    29.943 56986.38187326 17.87 150.782666  66.145886  4.288 -100.00 -100.00 -100.00
 236    30.838 56996.29750718 17.87 150.778169  66.145601  4.374 -100.00 -100.00 -100.00
 236    29.856 56996.29750777 17.87 150.784655  66.145641  4.796 -100.00 -100.00 -100.00
 237    30.935 57006.21315138 18.10 150.779634  66.143653  4.501 -100.00 -100.00 -100.00
 237    30.893 57006.21315197 17.89 150.786119  66.143692  3.484 -100.00 -100.00 -100.00
 237    30.303 57006.21315256 18.32 150.792604  66.143731  4.800 -100.00 -100.00 -100.00
 237    33.323 57006.21315315 18.03 150.799089  66.143770  4.287 -100.00 -100.00 -100.00
 238    30.248 57016.12880555 18.74 150.776336  66.141528  4.371 -100.00 -100.00 -100.00
 238    31.367 57016.12880614 18.50 150.782821  66.141568  3.959 -100.00 -100.00 -100.00
 238    31.348 57016.12880673 18.78 150.789306  66.141607  4.459 -100.00 -100.00 -100.00
 238    30.986 57016.12880732 18.16 150.795790  66.141645  4.043 -100.00 -100.00 -100.00
 238    32.453 57016.12880791 17.83 150.802275  66.141684  3.714 -100.00 -100.00 -100.00
 238    32.500 57016.12880850 18.35 150.808760  66.141722  4.033 -100.00 -100.00 -100.00
 239    31.456 57026.04445601 18.35 150.775590  66.141233  4.166 -100.00 -100.00 -100.00
 239    30.383 57026.04445660 18.52 150.782074  66.141272  4.180 -100.00 -100.00 -100.00
 239    31.716 57026.04445719 18.42 150.788559  66.141311  3.984 -100.00 -100.00 -100.00
 239    31.532 57026.04445778 18.14 150.795044  66.141349  4.243 -100.00 -100.00 -100.00
 239    31.441 57026.04445837 17.82 150.801528  66.141388  3.857 -100.00 -100.00 -100.00
 239    33.009 57026.04445896 17.53 150.808013  66.141426  3.159 -100.00 -100.00 -100.00
 240    30.417 57035.96010471 18.16 150.777580  66.143177  4.239 -100.00 -100.00 -100.00
 240    31.106 57035.96010530 18.03 150.784065  66.143216  3.645 -100.00 -100.00 -100.00
 240    29.721 57035.96010589 18.56 150.790550  66.143255  5.249 -100.00 -100.00 -100.00
 240    30.744 57035.96010648 17.90 150.797035  66.143293  3.592 -100.00 -100.00 -100.00
 241    30.782 57045.87575060 18.19 150.777169  66.145148  3.888 -100.00 -100.00 -100.00
 241    29.777 57045.87575119 18.17 150.783654  66.145187  3.426 -100.00 -100.00 -100.00
 241    30.628 57045.87575178 17.97 150.790139  66.145225  3.306 -100.00 -100.00 -100.00
 243    31.325 57065.70703091 17.77 150.779827  66.144332  3.504 -100.00 -100.00 -100.00
 243    31.172 57065.70703150 18.08 150.786312  66.144371  3.981 -100.00 -100.00 -100.00
 243    29.650 57065.70703209 17.79 150.792796  66.144410  3.253 -100.00 -100.00 -100.00
 244    30.836 57075.62266362 18.25 150.777585  66.143279  4.184 -100.00 -100.00 -100.00
 244    31.265 57075.62266421 18.07 150.784070  66.143318  4.292 -100.00 -100.00 -100.00
 244    31.196 57075.62266480 17.84 150.790554  66.143357  3.544 -100.00 -100.00 -100.00
 244    31.962 57075.62266539 18.16 150.797038  66.143396  3.710 -100.00 -100.00 -100.00
 245    31.103 57085.53829346 17.07 150.777959  66.143576  3.958 -100.00 -100.00 -100.00
 245    31.337 57085.53829405 17.32 150.784443  66.143616  4.076 -100.00 -100.00 -100.00
 245    30.995 57085.53829464 17.59 150.790928  66.143655  3.925 -100.00 -100.00 -100.00
 245    32.062 57085.53829523 17.44 150.797412  66.143694  4.109 -100.00 -100.00 -100.00
 246    30.440 57095.45394939 17.16 150.776603  66.145619  3.442 -100.00 -100.00 -100.00
 246    30.884 57095.45394998 17.42 150.783088  66.145658  3.826 -100.00 -100.00 -100.00
 250    31.225 57135.11654393 15.60 150.779601  66.144783  3.410 -100.00 -100.00 -100.00
 250    30.726 57135.11654452 15.22 150.786086  66.144822  3.122 -100.00 -100.00 -100.00
 250    32.669 57135.11654511 16.46 150.792571  66.144860  5.012 -100.00 -100.00 -100.00
 251    30.717 57145.03218001 12.16 150.780166  66.143865  3.515 -100.00 -100.00 -100.00
 251    30.589 57145.03218060 12.26 150.786650  66.143904  3.877 -100.00 -100.00 -100.00
 251    30.938 57145.03218119 11.82 150.793135  66.143943  3.318 -100.00 -100.00 -100.00
 252    27.271 57154.94781334 11.51 150.777704  66.144351 14.789 -100.00 -100.00 -100.00
 252    28.346 57154.94781393  8.83 150.784189  66.144391  8.230 -100.00 -100.00 -100.00
 252    27.689 57154.94781452  9.42 150.790674  66.144430 11.215 -100.00 -100.00 -100.00
 253    23.307 57164.86345220 38.85 150.777305  66.145177 13.176 -100.00 -100.00 -100.00
 253    23.604 57164.86345279 35.89 150.783790  66.145216   -100 -100.00 -100.00 -100.00
 254    28.833 57174.77910885 44.92 150.776616  66.145294 15.763 -100.00 -100.00 -100.00
 254    28.949 57174.77910944 45.35 150.783101  66.145333   -100 -100.00 -100.00 -100.00
 255    29.832 57184.69476218 30.44 150.778543  66.143953 17.578 -100.00 -100.00 -100.00
 255    29.515 57184.69476277 35.36 150.785027  66.143992   -100 -100.00 -100.00 -100.00
 255    29.589 57184.69476336 36.69 150.791511  66.144031 30.852 -100.00 -100.00 -100.00
 255    29.564 57184.69476395 38.20 150.797995  66.144069   -100 -100.00 -100.00 -100.00
 256    27.265 57194.61041158 32.23 150.781372  66.142235 12.268 -100.00 -100.00 -100.00
 256    27.353 57194.61041217 31.68 150.787856  66.142274 11.606 -100.00 -100.00 -100.00
 256    27.083 57194.61041276 39.34 150.794339  66.142312   -100 -100.00 -100.00 -100.00
 256    27.241 57194.61041335 38.24 150.800823  66.142351   -100 -100.00 -100.00 -100.00
 256    33.282 57194.61041394 40.94 150.807306  66.142389   -100 -100.00 -100.00 -100.00
 257    26.685 57204.52604657 38.69 150.776815  66.141722   -100 -100.00 -100.00 -100.00
 257    26.980 57204.52604716 38.69 150.783299  66.141761   -100 -100.00 -100.00 -100.00
 257    26.864 57204.52604775 43.47 150.789782  66.141800   -100 -100.00 -100.00 -100.00
 257    26.992 57204.52604834 43.25 150.796266  66.141838   -100 -100.00 -100.00 -100.00
 257    27.269 57204.52604893 45.07 150.802749  66.141876   -100 -100.00 -100.00 -100.00
 258    24.778 57214.44169221 46.53 150.779065  66.143093   -100 -100.00 -100.00 -100.00
 258    24.705 57214.44169280 49.49 150.785549  66.143132  1.832 -100.00 -100.00 -100.00
 258    24.733 57214.44169339 43.60 150.792033  66.143171   -100 -100.00 -100.00 -100.00
 258    24.661 57214.44169398 44.68 150.798517  66.143209   -100 -100.00 -100.00 -100.00
 259    24.313 57224.35733584 44.38 150.776433  66.144942   -100 -100.00 -100.00 -100.00
 259    24.719 57224.35733643 46.58 150.782918  66.144981   -100 -100.00 -100.00 -100.00
 259    24.399 57224.35733702 50.48 150.789402  66.145020   -100 -100.00 -100.00 -100.00
 261    29.912 57244.18861669 31.13 150.776353  66.145124   -100 -100.00 -100.00 -100.00
 261    32.442 57244.18861728 21.81 150.782838  66.145163  9.337 -100.00 -100.00 -100.00
 261    33.012 57244.18861787 19.98 150.789323  66.145202  5.720 -100.00 -100.00 -100.00
 262    30.053 57254.10425300 25.00 150.776435  66.144089 12.831 -100.00 -100.00 -100.00
 262    32.508 57254.10425359 22.00 150.782921  66.144129  9.569 -100.00 -100.00 -100.00
 262    32.909 57254.10425418 21.43 150.789406  66.144168  8.608 -100.00 -100.00 -100.00
 262    33.501 57254.10425477 20.53 150.795891  66.144207  6.902 -100.00 -100.00 -100.00
 263    29.671 57264.01988825 26.43 150.780287  66.144350 16.760 -100.00 -100.00 -100.00
 263    32.748 57264.01988884 21.79 150.786772  66.144389  9.274 -100.00 -100.00 -100.00
 263    33.260 57264.01988943 20.10 150.793257  66.144428  5.241 -100.00 -100.00 -100.00
 268    23.395 57313.59813714 44.19 150.777224  66.144566 26.208 -100.00 -100.00 -100.00
 268    22.702 57313.59813773 46.35 150.783709  66.144605  4.228 -100.00 -100.00 -100.00
 268    22.612 57313.59813832 43.93 150.790193  66.144644   -100 -100.00 -100.00 -100.00
 269    22.690 57323.51378126 36.52 150.779369  66.143868   -100 -100.00 -100.00 -100.00
 269    22.935 57323.51378185 36.35 150.785853  66.143907 27.987 -100.00 -100.00 -100.00
 269    22.628 57323.51378244 38.41 150.792338  66.143945   -100 -100.00 -100.00 -100.00
 270    30.702 57333.42942303 24.75 150.777251  66.144182  8.346 -100.00 -100.00 -100.00
 270    32.307 57333.42942362 24.42 150.783735  66.144221  7.317 -100.00 -100.00 -100.00
 270    28.988 57333.42942421 26.95 150.790220  66.144260 11.802 -100.00 -100.00 -100.00
 270    28.594 57333.42942480 28.67 150.796705  66.144298 14.619 -100.00 -100.00 -100.00
 271    30.259 57343.34506332 23.94 150.780296  66.144880  8.549 -100.00 -100.00 -100.00
 271    28.989 57343.34506391 24.18 150.786782  66.144919  9.799 -100.00 -100.00 -100.00
 272    27.961 57353.26071626 24.71 150.780225  66.144598 10.183 -100.00 -100.00 -100.00
 272    28.641 57353.26071685 24.31 150.786711  66.144637  9.574 -100.00 -100.00 -100.00
 272    28.512 57353.26071744 26.37 150.793196  66.144676 12.817 -100.00 -100.00 -100.00
 273    30.215 57363.17636023 22.64 150.779168  66.143587  6.750 -100.00 -100.00 -100.00
 273    28.432 57363.17636082 24.91 150.785653  66.143626 10.662 -100.00 -100.00 -100.00
 273    32.311 57363.17636141 22.52 150.792138  66.143664  7.127 -100.00 -100.00 -100.00
 273    30.066 57363.17636200 22.84 150.798623  66.143703  7.562 -100.00 -100.00 -100.00
 274    31.823 57373.09200102 21.96 150.779701  66.142351  5.366 -100.00 -100.00 -100.00
 274    31.265 57373.09200161 22.05 150.786186  66.142390  5.544 -100.00 -100.00 -100.00
 274    32.481 57373.09200220 22.67 150.792672  66.142429  6.960 -100.00 -100.00 -100.00
 274    32.529 57373.09200279 23.51 150.799157  66.142467  8.148 -100.00 -100.00 -100.00
 274    32.412 57373.09200338 22.16 150.805642  66.142505  5.954 -100.00 -100.00 -100.00
 275    31.177 57383.00764004 21.46 150.780773  66.142363  4.898 -100.00 -100.00 -100.00
 275    31.928 57383.00764063 21.46 150.787258  66.142402  5.263 -100.00 -100.00 -100.00
 275    32.370 57383.00764122 21.78 150.793743  66.142440  5.482 -100.00 -100.00 -100.00
 275    32.688 57383.00764181 21.73 150.800228  66.142479  6.159 -100.00 -100.00 -100.00
 275    33.243 57383.00764241 21.27 150.806713  66.142517  5.288 -100.00 -100.00 -100.00
 276    31.018 57392.92327824 22.05 150.777533  66.143343  6.019 -100.00 -100.00 -100.00
 276    31.101 57392.92327883 22.08 150.784018  66.143383  6.367 -100.00 -100.00 -100.00
 276    31.987 57392.92327943 22.94 150.790503  66.143422  7.699 -100.00 -100.00 -100.00
 276    32.619 57392.92328002 21.83 150.796988  66.143460  6.145 -100.00 -100.00 -100.00
 277    32.108 57402.83891597 18.87 150.779252  66.144642  3.515 -100.00 -100.00 -100.00
 277    31.133 57402.83891656 19.21 150.785737  66.144681  3.946 -100.00 -100.00 -100.00
 277    32.279 57402.83891715 18.95 150.792223  66.144720  3.871 -100.00 -100.00 -100.00
 278    31.239 57412.75455975 19.13 150.776165  66.145140  3.903 -100.00 -100.00 -100.00
 278    31.528 57412.75456034 19.00 150.782650  66.145179  3.704 -100.00 -100.00 -100.00
 278    32.377 57412.75456093 19.19 150.789135  66.145218  4.385 -100.00 -100.00 -100.00
 279    31.236 57422.67021183 19.13 150.780508  66.144952  3.861 -100.00 -100.00 -100.00
 279    31.553 57422.67021242 19.08 150.786992  66.144991  3.706 -100.00 -100.00 -100.00
 280    31.204 57432.58586070 18.81 150.779859  66.144853  4.424 -100.00 -100.00 -100.00
 280    31.855 57432.58586129 18.54 150.786344  66.144892  4.180 -100.00 -100.00 -100.00
 280    32.742 57432.58586188 18.63 150.792828  66.144930  4.414 -100.00 -100.00 -100.00
 281    31.027 57442.50150764 17.45 150.778260  66.145455  4.041 -100.00 -100.00 -100.00
 281    30.895 57442.50150824 18.13 150.784745  66.145494  4.895 -100.00 -100.00 -100.00
 285    31.199 57482.16407728 17.04 150.778040  66.145420  4.435 -100.00 -100.00 -100.00
 285    31.420 57482.16407787 17.33 150.784526  66.145459  4.755 -100.00 -100.00 -100.00
 286    31.171 57492.07971145 16.54 150.776648  66.144308  4.030 -100.00 -100.00 -100.00
 286    32.683 57492.07971204 16.66 150.783134  66.144347  4.264 -100.00 -100.00 -100.00
 286    33.020 57492.07971263 17.00 150.789619  66.144386  4.163 -100.00 -100.00 -100.00
 287    31.844 57501.99534357 16.11 150.775267  66.144144  3.830 -100.00 -100.00 -100.00
 287    32.448 57501.99534416 16.79 150.781752  66.144184  5.265 -100.00 -100.00 -100.00
 287    33.052 57501.99534475 16.04 150.788237  66.144223  4.076 -100.00 -100.00 -100.00
 287    32.518 57501.99534534 15.95 150.794723  66.144262  4.190 -100.00 -100.00 -100.00
 288    32.473 57511.91099330 15.17 150.776142  66.144348 14.376 -100.00 -100.00 -100.00
 288    32.718 57511.91099389 15.47 150.782627  66.144388 14.613 -100.00 -100.00 -100.00
 288    32.758 57511.91099448 19.16 150.789112  66.144427 25.210 -100.00 -100.00 -100.00
 288    32.776 57511.91099507 19.13 150.795597  66.144466 25.341 -100.00 -100.00 -100.00
 289    23.142 57521.82664883 31.48 150.778996  66.144380   -100 -100.00 -100.00 -100.00
 289    22.998 57521.82664942 33.73 150.785481  66.144419   -100 -100.00 -100.00 -100.00
 289    22.984 57521.82665001 33.02 150.791966  66.144458   -100 -100.00 -100.00 -100.00
 290    28.863 57531.74230140 56.94 150.775915  66.143809   -100 -100.00 -100.00 -100.00
 290    28.832 57531.74230199 57.31 150.782399  66.143848   -100 -100.00 -100.00 -100.00
 290    28.802 57531.74230258 55.04 150.788884  66.143887   -100 -100.00 -100.00 -100.00
 290    28.781 57531.74230317 56.94 150.795368  66.143926   -100 -100.00 -100.00 -100.00
 291    29.714 57541.65795131 30.12 150.779945  66.143035 11.640 -100.00 -100.00 -100.00
 291    27.202 57541.65795190 33.75 150.786429  66.143074 22.340 -100.00 -100.00 -100.00
 291    27.052 57541.65795250 37.63 150.792912  66.143113   -100 -100.00 -100.00 -100.00
 291    27.413 57541.65795309 37.35 150.799396  66.143151 27.884 -100.00 -100.00 -100.00
 292    25.027 57551.57359775 44.42 150.777267  66.142622 14.534 -100.00 -100.00 -100.00
 292    25.064 57551.57359834 48.70 150.783751  66.142661  8.401 -100.00 -100.00 -100.00
 292    25.608 57551.57359893 46.60 150.790234  66.142700 29.801 -100.00 -100.00 -100.00
 292    25.028 57551.57359952 48.68 150.796718  66.142738  2.928 -100.00 -100.00 -100.00
 292    24.924 57551.57360011 54.67 150.803202  66.142776   -100 -100.00 -100.00 -100.00
 293    27.858 57561.48924292 27.17 150.776447  66.143069 15.071 -100.00 -100.00 -100.00
 293    31.047 57561.48924351 24.81 150.782931  66.143108 12.240 -100.00 -100.00 -100.00
 293    32.522 57561.48924410 24.43 150.789415  66.143146 11.660 -100.00 -100.00 -100.00
 293    28.179 57561.48924469 25.07 150.795899  66.143185 12.262 -100.00 -100.00 -100.00
 293    33.369 57561.48924528 30.05 150.802383  66.143223 22.789 -100.00 -100.00 -100.00
 294    24.873 57571.40488782 50.75 150.777558  66.144050   -100 -100.00 -100.00 -100.00
 294    24.771 57571.40488841 52.87 150.784042  66.144089 18.498 -100.00 -100.00 -100.00
 294    24.710 57571.40488900 53.99 150.790527  66.144128   -100 -100.00 -100.00 -100.00
 294    24.664 57571.40488959 50.16 150.797011  66.144166 28.708 -100.00 -100.00 -100.00
 295    30.744 57581.32053254 24.99 150.777698  66.144730 13.600 -100.00 -100.00 -100.00
 295    32.934 57581.32053313 22.47 150.784183  66.144769 10.203 -100.00 -100.00 -100.00
 295    33.207 57581.32053372 24.19 150.790668  66.144808 12.671 -100.00 -100.00 -100.00
 296    24.851 57591.23617553 38.07 150.778393  66.144905 32.713 -100.00 -100.00 -100.00
 296    25.552 57591.23617612 38.39 150.784878  66.144944 17.998 -100.00 -100.00 -100.00
 296    24.999 57591.23617671 41.05 150.791363  66.144983   -100 -100.00 -100.00 -100.00
 297    30.146 57601.15181568 25.61 150.777663  66.144852 10.922 -100.00 -100.00 -100.00
 297    32.713 57601.15181627 23.40 150.784148  66.144891  8.648 -100.00 -100.00 -100.00
 297    33.061 57601.15181686 24.35 150.790633  66.144930 10.205 -100.00 -100.00 -100.00
