-124029.524   367.008     0.00   17.72
-123743.088   362.188   -16.83   19.13
-123456.653   358.630   -12.42   18.53
-123170.219   359.348     2.51   20.25
-122883.786   361.261     6.68   22.71
-122597.354   362.689     4.99   24.94
-122310.923   360.791    -6.63   26.68
-122024.494   358.865    -6.73   27.85
-121738.065   356.926    -6.77   28.87
-121451.638   349.989   -24.22   31.64
-121165.212   336.493   -47.12   31.65
-120878.787   325.534   -38.26   26.98
-120592.363   318.919   -23.10   27.55
-120305.940   316.770    -7.50   31.31
-120019.518   316.860     0.32   34.65
-119733.098   318.164     4.55   38.12
-119446.678   321.429    11.40   41.04
-119160.260   326.979    19.37   41.19
-118873.843   337.817    37.84   41.26
-118587.426   354.199    57.20   43.23
-118301.011   373.954    68.97   42.85
-118014.597   390.161    56.59   40.98
-117728.185   404.437    49.84   36.91
-117441.773   416.805    43.18   27.46
-117155.362   422.091    18.46   20.34
-116868.953   420.115    -6.90   20.75
-116582.544   410.961   -31.96   22.53
-116296.137   400.485   -36.58   21.51
-116009.731   390.567   -34.63   19.18
-115723.326   381.971   -30.01   18.46
-115436.922   373.927   -28.09   16.31
-115150.519   366.549   -25.76   12.88
-114864.117   359.817   -23.51   10.45
-114577.717   354.183   -19.67   10.16
-114291.317   349.148   -17.58   10.79
-114004.919   343.457   -19.87   12.19
-113718.522   337.017   -22.49   13.12
-113432.125   330.694   -22.08   12.61
-113145.730   326.041   -16.25   10.33
-112859.336   321.590   -15.54    9.07
-112572.944   317.436   -14.50    9.65
-112286.552   313.932   -12.23   11.37
-112000.161   312.870    -3.71   14.96
-111713.772   310.723    -7.50   18.55
-111427.383   309.051    -5.84   21.16
-111140.996   306.587    -8.60   21.72
-110854.610   303.648   -10.26   21.05
-110568.225   300.710   -10.26   19.75
-110281.841   297.623   -10.78   15.80
-109995.458   294.295   -11.62   10.75
-109709.076   292.261    -7.10    7.91
-109422.696   291.329    -3.25   11.68
-109136.316   292.587     4.39   16.42
-108849.938   294.978     8.35   18.17
-108563.561   298.006    10.57   17.80
-108277.184   301.471    12.10   17.55
-107990.809   306.273    16.77   18.60
-107704.435   310.852    15.99   18.79
-107418.063   315.110    14.87   17.40
-107131.691   320.260    17.99   15.38
-106845.320   323.541    11.46   13.64
-106558.951   323.249    -1.02   15.44
-106272.582   319.003   -14.83   19.60
-105986.215   309.859   -31.93   23.09
-105699.849   299.003   -37.91   23.94
-105413.484   288.138   -37.94   21.94
-105127.120   279.978   -28.49   19.07
-104840.757   276.208   -13.17   20.34
-104554.396   274.866    -4.68   21.50
-104268.035   277.390     8.81   23.22
-103981.675   283.156    20.14   25.63
-103695.317   288.855    19.90   25.41
-103408.960   290.437     5.53   24.41
-103122.604   291.193     2.64   21.99
-102836.249   291.218     0.09   22.26
-102549.895   288.063   -11.02   24.71
-102263.542   281.051   -24.49   28.12
-101977.190   272.234   -30.79   29.71
-101690.839   266.443   -20.22   30.00
-101404.490   260.471   -20.85   29.23
-101118.142   252.922   -26.36   28.80
-100831.794   243.386   -33.30   29.55
-100545.448   239.211   -14.58   28.55
-100259.103   241.372     7.55   28.94
 -99972.759   244.730    11.73   27.68
 -99686.416   246.208     5.16   24.00
 -99400.075   247.450     4.34   22.85
 -99113.734   250.234     9.72   23.33
 -98827.395   252.215     6.92   22.60
 -98541.056   251.715    -1.75   22.33
 -98254.719   250.874    -2.93   20.14
 -97968.383   250.951     0.27   18.82
 -97682.048   250.710    -0.84   17.08
 -97395.714   248.846    -6.51   15.77
 -97109.381   246.533    -8.08   16.10
 -96823.049   244.839    -5.92   17.79
 -96536.719   244.136    -2.46   18.42
 -96250.389   242.635    -5.24   18.15
 -95964.061   241.243    -4.86   17.04
 -95677.733   243.403     7.54   16.35
 -95391.407   247.181    13.20   15.57
 -95105.082   247.500     1.12   16.46
 -94818.758   247.656     0.54   16.65
 -94532.435   248.049     1.37   17.61
 -94246.114   248.671     2.17   18.59
 -93959.793   249.635     3.36   19.90
 -93673.474   250.795     4.05   21.23
 -93387.155   249.225    -5.48   21.17
 -93100.838   245.499   -13.01   21.76
 -92814.522   244.528    -3.39   23.21
 -92528.207   246.208     5.87   23.77
 -92241.893   246.354     0.51   23.67
 -91955.580   243.444   -10.16   23.24
 -91669.268   239.492   -13.80   22.37
 -91382.958   240.478     3.44   22.15
 -91096.648   244.088    12.61   21.15
 -90810.340   247.227    10.96   21.72
 -90524.032   248.553     4.63   23.28
 -90237.726   247.805    -2.61   25.15
 -89951.421   245.033    -9.68   27.43
 -89665.117   240.485   -15.89   29.59
 -89378.814   234.074   -22.39   30.65
 -89092.479   230.291   -13.21   29.81
 -88805.858   226.486   -13.28   27.96
 -88519.239   221.914   -15.95   26.51
 -88232.622   216.929   -17.39   26.79
 -87946.007   208.706   -28.69   29.52
 -87659.394   199.869   -30.83   31.91
 -87372.783   190.954   -31.10   32.92
 -87086.173   181.632   -32.52   30.92
 -86799.565   171.209   -36.37   26.12
 -86512.959   161.906   -32.46   20.70
 -86226.355   155.029   -23.99   17.67
 -85939.753   149.520   -19.22   15.92
 -85653.153   144.650   -17.00   14.04
 -85366.554   140.244   -15.37   10.02
 -85079.957   136.302   -13.75    8.39
 -84793.363   132.119   -14.60    8.47
 -84506.769   129.380    -9.56    7.73
 -84220.178   128.614    -2.67    8.22
 -83933.589   128.739     0.44    9.19
 -83647.001   128.847     0.38   11.74
 -83360.416   131.437     9.04   16.01
 -83073.832   135.839    15.36   22.10
 -82787.250   142.118    21.91   27.90
 -82500.670   151.363    32.26   33.91
 -82214.092   163.444    42.16   41.31
 -81927.515   176.764    46.48   48.16
 -81640.940   190.307    47.26   49.95
 -81354.368   203.830    47.19   48.36
 -81067.797   215.857    41.97   41.05
 -80781.228   219.720    13.48   34.06
 -80494.660   215.613   -14.33   33.30
 -80208.095   205.535   -35.17   34.90
 -79921.531   191.422   -49.25   35.71
 -79634.969   179.833   -40.44   33.94
 -79348.410   173.409   -22.42   30.09
 -79061.851   177.560    14.49   38.69
 -78775.295   188.611    38.57   49.84
 -78488.741   203.691    52.62   54.48
 -78202.188   220.354    58.15   50.03
 -77915.637   233.223    44.91   41.00
 -77629.089   242.715    33.12   31.53
 -77342.542   246.486    13.16   26.50
 -77055.996   246.422    -0.22   22.08
 -76769.453   243.204   -11.23   23.42
 -76482.911   237.100   -21.30   26.97
 -76196.372   227.642   -33.01   30.27
 -75909.834   216.257   -39.73   31.70
 -75623.298   200.870   -53.70   30.00
 -75336.764   184.642   -56.64   29.12
 -75050.231   167.858   -58.58   29.51
 -74763.701   156.213   -40.64   26.24
 -74477.172   152.992   -11.24   26.53
 -74190.645   158.131    17.94   35.53
 -73904.120   175.951    62.19   55.43
 -73617.597   198.069    77.19   62.44
 -73331.076   218.035    69.68   58.72
 -73044.556   235.096    59.54   45.87
 -72758.039   242.795    26.87   37.83
 -72471.523   241.564    -4.30   38.94
 -72185.009   231.310   -35.79   44.49
 -71898.497   212.784   -64.66   42.18
 -71611.986   196.159   -58.02   35.71
 -71325.478   183.930   -42.68   30.48
 -71038.971   175.869   -28.14   30.29
 -70752.466   168.761   -24.81   30.88
 -70465.963   160.300   -29.53   32.28
 -70179.462   152.720   -26.46   32.27
 -69892.963   144.055   -30.24   30.69
 -69606.466   133.520   -36.77   27.82
 -69319.970   124.232   -32.42   23.56
 -69033.476   116.648   -26.47   18.53
 -68746.984   109.883   -23.61   15.00
 -68460.494   107.996    -6.58   14.11
 -68174.006   111.112    10.87   19.99
 -67887.520   118.620    26.21   28.34
 -67601.035   130.204    40.43   36.51
 -67314.552   139.044    30.86   39.96
 -67028.071   149.233    35.57   42.01
 -66741.592   160.821    40.45   42.53
 -66455.115   173.227    43.30   43.28
 -66168.640   186.546    46.50   46.50
 -65882.166   200.209    47.69   46.92
 -65595.694   213.625    46.83   43.41
 -65309.224   224.698    38.65   36.00
 -65022.756   232.704    27.95   33.56
 -64736.290   235.750    10.63   34.35
 -64449.826   235.648    -0.36   34.63
 -64163.363   235.767     0.42   34.83
 -63876.902   240.625    16.96   34.25
 -63590.444   246.840    21.69   31.17
 -63303.986   250.814    13.87   29.13
 -63017.531   251.884     3.74   29.81
 -62731.078   249.431    -8.56   31.13
 -62444.626   245.547   -13.56   32.23
 -62158.177   241.258   -14.98   32.64
 -61871.729   236.863   -15.34   31.13
 -61585.283   229.800   -24.66   25.78
 -61298.839   222.422   -25.76   21.74
 -61012.396   213.131   -32.44   22.81
 -60725.956   204.046   -31.72   26.71
 -60439.517   190.810   -46.21   31.82
 -60153.080   175.536   -53.32   32.47
 -59866.645   161.444   -49.20   29.63
 -59580.212   148.499   -45.19   23.17
 -59293.781   138.669   -34.32   17.45
 -59007.351   131.723   -24.25   15.37
 -58720.923   127.150   -15.97   13.79
 -58434.498   124.676    -8.64   15.47
 -58148.074   123.396    -4.47   16.85
 -57861.651   123.746     1.22   18.10
 -57575.231   127.169    11.95   20.83
 -57288.813   133.859    23.36   25.97
 -57002.396   143.854    34.90   30.86
 -56715.981   154.230    36.23   29.77
 -56429.568   164.450    35.68   22.77
 -56143.157   170.781    22.10   17.26
 -55856.748   173.235     8.57   12.69
 -55570.340   172.691    -1.90   11.86
 -55283.934   168.090   -16.07   15.96
 -54997.531   160.314   -27.15   20.55
 -54711.129   151.728   -29.98   21.89
 -54424.728   143.319   -29.36   21.56
 -54138.330   134.062   -32.32   19.54
 -53851.934   124.996   -31.65   17.24
 -53565.539   115.755   -32.27   17.67
 -53279.146   108.252   -26.20   15.88
 -52992.755   104.422   -13.37   14.84
 -52706.366   106.663     7.83   20.10
 -52419.979   116.083    32.89   35.13
 -52133.593   132.542    57.47   48.27
 -51847.210   152.116    68.35   50.98
 -51560.828   170.954    65.78   45.61
 -51274.448   185.213    49.79   38.50
 -50988.070   194.780    33.41   33.30
 -50701.693   198.893    14.36   30.70
 -50415.319   199.982     3.80   29.01
 -50128.946   198.604    -4.81   26.40
 -49842.575   194.905   -12.92   24.79
 -49556.206   186.869   -28.06   26.59
 -49269.839   178.295   -29.94   24.33
 -48983.474   169.936   -29.19   22.51
 -48697.110   160.676   -32.34   21.46
 -48410.749   151.514   -31.99   17.63
 -48124.389   144.814   -23.40   13.30
 -47838.031   140.034   -16.69   11.98
 -47551.675   137.170   -10.00   13.09
 -47265.321   134.793    -8.30   15.65
 -46978.968   132.478    -8.08   17.13
 -46692.617   129.906    -8.98   18.47
 -46406.269   125.740   -14.55   20.91
 -46119.922   118.256   -26.14   22.17
 -45833.577   109.260   -31.42   21.42
 -45547.233   102.301   -24.30   20.53
 -45260.892    95.528   -23.65   21.95
 -44974.552    88.854   -23.31   21.58
 -44688.214    81.932   -24.18   18.35
 -44401.878    76.979   -17.30   15.78
 -44115.544    75.954    -3.58   15.85
 -43829.212    79.033    10.75   23.88
 -43542.881    86.676    26.69   32.42
 -43256.553    96.737    35.14   36.49
 -42970.226   107.750    38.47   37.30
 -42683.901   116.648    31.08   34.65
 -42397.578   121.642    17.44   31.04
 -42111.256   125.020    11.80   28.42
 -41824.937   124.336    -2.39   29.22
 -41538.619   122.063    -7.94   30.12
 -41252.304   120.950    -3.89   30.73
 -40965.990   122.373     4.97   31.25
 -40679.677   123.788     4.94   30.43
 -40393.367   125.365     5.51   27.68
 -40107.059   126.134     2.68   24.96
 -39820.752   124.074    -7.19   21.47
 -39534.447   120.828   -11.34   16.92
 -39248.144   118.608    -7.75   13.23
 -38961.843   116.878    -6.04    9.71
 -38675.544   116.189    -2.41    7.74
 -38389.246   117.680     5.21    8.39
 -38102.950   119.000     4.61    8.91
 -37816.657   118.812    -0.66    9.16
 -37530.365   116.373    -8.52   11.53
 -37244.074   111.721   -16.25   14.88
 -36957.786   104.989   -23.52   16.92
 -36671.500    96.279   -30.43   16.79
 -36385.215    88.136   -28.44   15.60
 -36098.932    80.589   -26.36   13.05
 -35812.651    74.033   -22.90   10.30
 -35526.372    68.485   -19.38    8.32
 -35240.094    64.320   -14.55    7.58
 -34953.819    61.295   -10.57    7.07
 -34667.545    59.163    -7.45    6.81
 -34381.273    57.006    -7.54    6.17
 -34095.003    55.338    -5.83    5.67
 -33808.735    53.650    -5.90    5.77
 -33522.469    51.932    -6.00    6.82
 -33236.204    50.613    -4.61    6.79
 -32949.942    49.302    -4.58    6.80
 -32663.681    47.854    -5.06    7.10
 -32377.422    46.409    -5.05    7.83
 -32091.164    45.506    -3.15    8.77
 -31804.909    44.069    -5.02    8.75
 -31518.656    42.732    -4.67    8.63
 -31232.404    40.734    -6.98    7.86
 -30946.154    38.678    -7.18    8.20
 -30659.906    36.362    -8.09    8.27
 -30373.660    33.965    -8.38    8.10
 -30087.415    31.021   -10.28    7.61
 -29801.173    28.669    -8.22    7.14
 -29514.932    27.493    -4.11    7.15
 -29228.693    27.698     0.72    8.04
 -28942.456    28.908     4.23    9.56
 -28656.221    30.288     4.82   10.35
 -28369.987    32.605     8.09   10.79
 -28083.756    35.423     9.84   11.20
 -27797.526    38.213     9.75   10.73
 -27511.298    39.787     5.50   10.19
 -27224.988    40.866     3.77    9.66
 -26938.289    41.930     3.71    8.92
 -26651.592    43.016     3.79    7.89
 -26364.898    43.629     2.14    6.26
 -26078.206    43.535    -0.33    5.23
 -25791.517    43.671     0.47    3.98
 -25504.831    44.064     1.37    4.08
 -25218.147    44.590     1.83    4.51
 -24931.466    45.070     1.68    5.44
 -24644.787    45.471     1.40    5.80
 -24358.111    45.742     0.94    5.57
 -24071.437    45.360    -1.33    4.78
 -23784.766    44.290    -3.73    4.45
 -23498.097    42.676    -5.63    3.59
 -23211.431    41.564    -3.88    3.30
 -22924.768    38.725    -9.90    6.36
 -22638.107    35.218   -12.23    8.02
 -22351.449    32.048   -11.06    8.74
 -22064.793    28.465   -12.50   10.20
 -21778.140    24.040   -15.44   11.48
 -21491.490    19.464   -15.96   11.26
 -21204.842    15.444   -14.03   10.72
 -20918.196    12.464   -10.39   10.74
 -20631.553     9.760    -9.43    9.29
 -20344.913     8.336    -4.97    8.20
 -20058.275     8.295    -0.14    8.69
 -19771.640     9.584     4.50    9.77
 -19485.007    11.228     5.74   10.70
 -19198.377    13.627     8.37   10.93
 -18911.750    15.281     5.77    9.85
 -18625.125    16.533     4.37    7.70
 -18338.503    17.189     2.29    5.84
 -18051.883    17.209     0.07    4.76
 -17765.266    16.572    -2.22    5.04
 -17478.651    15.379    -4.16    5.70
 -17192.039    14.129    -4.36    5.75
 -16905.429    12.311    -6.34    6.51
 -16618.822     9.835    -8.64    6.69
 -16332.218     8.288    -5.40    6.31
 -16045.616     6.882    -4.90    5.51
 -15759.017     5.172    -5.97    4.99
 -15472.420     3.548    -5.67    4.39
 -15185.826     3.089    -1.60    4.16
 -14899.234     3.014    -0.26    3.83
 -14612.645     2.864    -0.52    3.74
 -14326.059     3.148     0.99    3.92
 -14039.475     4.248     3.84    4.88
 -13752.893     5.982     6.05    5.25
 -13466.315     7.244     4.40    5.60
 -13179.738     8.259     3.54    5.54
 -12893.165     9.280     3.56    4.81
 -12606.593     9.471     0.67    4.28
 -12320.025     7.716    -6.13    5.99
 -12033.459     5.152    -8.95    7.35
 -11746.895     4.883    -0.94    8.25
 -11460.335     5.669     2.74    8.99
 -11173.776     6.485     2.85    9.90
 -10887.221     8.244     6.14    9.82
 -10600.667    10.232     6.94    8.85
 -10314.117    12.095     6.50    6.37
 -10027.569    12.055    -0.14    5.23
  -9741.023    10.597    -5.09    4.75
  -9454.480     9.057    -5.37    3.64
  -9167.940     7.741    -4.59    3.03
  -8881.402     7.025    -2.50    3.01
  -8594.867     7.083     0.20    2.98
  -8308.334     7.465     1.33    2.90
  -8021.804     7.520     0.19    2.84
  -7735.276     7.839     1.11    2.80
  -7448.751     8.369     1.85    2.47
  -7162.229     8.499     0.45    2.03
  -6875.709     8.381    -0.41    2.17
  -6589.191     8.270    -0.39    2.81
  -6302.677     8.649     1.32    3.09
  -6016.164     9.018     1.29    3.33
  -5729.655     9.700     2.38    3.45
  -5443.148    10.220     1.81    3.82
  -5156.643    10.982     2.66    3.89
  -4870.141    11.852     3.04    4.06
  -4583.642    12.882     3.60    4.33
  -4297.145    14.270     4.84    4.64
  -4010.650    15.024     2.63    5.26
  -3724.159    15.817     2.77    5.70
  -3437.669    15.690    -0.44    6.51
  -3151.183    14.520    -4.08    7.90
  -2864.699    13.114    -4.91    9.14
  -2578.217    11.194    -6.70    9.29
  -2291.738    10.027    -4.07    8.97
  -2005.262     8.848    -4.11    8.48
  -1718.788     7.902    -3.30    8.29
  -1432.317     7.506    -1.38    8.09
  -1145.848     6.436    -3.74    8.21
   -859.382     4.288    -7.50    7.20
   -572.918     3.157    -3.95    6.54
   -286.457     2.662    -1.73    6.31
      0.002     2.936     0.96    6.64
    286.458     3.513     2.01    6.71
    572.911     4.920     4.91    6.81
    859.362     8.061    10.96    7.02
   1145.810    10.757     9.41    5.55
   1432.256    12.395     5.72    4.61
   1718.699    12.911     1.80    4.65
   2005.140    13.162     0.88    4.81
   2291.578    12.914    -0.87    4.92
   2578.013    12.293    -2.17    4.77
   2864.446    11.603    -2.41    4.97
   3150.877    10.451    -4.02    4.78
   3437.304     9.118    -4.65    4.98
   3723.730     8.122    -3.48    5.43
   4010.152     7.492    -2.20    5.93
   4296.573     6.667    -2.88    5.99
   4582.990     6.014    -2.28    5.59
   4869.405     6.280     0.93    5.68
   5155.818     6.748     1.63    5.67
   5442.228     7.571     2.87    5.20
   5728.635     9.007     5.01    4.29
   6015.040     9.713     2.47    3.48
   6301.442     9.777     0.22    2.83
   6587.842     9.937     0.56    2.92
   6874.239     9.568    -1.29    3.31
   7160.634     9.003    -1.97    3.51
   7447.026     8.129    -3.05    3.91
   7733.415     7.221    -3.17    3.76
   8019.802     6.333    -3.10    3.20
   8306.187     5.660    -2.35    3.07
   8592.568     6.076     1.45    3.94
   8878.948     7.078     3.50    5.70
   9165.324     8.223     4.00    6.21
   9451.699     9.610     4.84    6.89
   9738.070    10.458     2.96    7.04
  10024.439    11.471     3.54    7.16
  10310.806    12.032     1.96    6.85
  10597.170    12.996     3.37    6.54
  10883.531    12.947    -0.17    7.75
  11169.890    11.000    -6.80    8.86
  11456.246     8.772    -7.78   10.03
  11742.600     4.104   -16.30   10.91
  12028.951    -0.638   -16.56    9.48
  12315.300    -4.222   -12.52    7.40
  12601.646    -6.775    -8.91    4.81
  12887.990    -8.154    -4.81    4.01
  13174.331    -9.350    -4.18    3.01
  13460.669    -9.593    -0.85    2.82
  13747.005    -9.608    -0.05    2.75
  14033.338    -9.593     0.05    2.48
  14319.669    -9.433     0.56    2.45
  14605.997    -9.066     1.28    2.46
  14892.323    -8.275     2.76    2.53
  15178.646    -7.780     1.73    2.41
  15464.966    -7.411     1.29    2.39
  15751.284    -7.374     0.13    2.43
  16037.600    -6.937     1.52    2.46
  16323.913    -6.493     1.55    2.23
  16610.223    -5.874     2.16    2.44
  16896.531    -4.958     3.20    2.41
  17182.836    -4.133     2.88    2.03
  17469.139    -4.004     0.45    2.00
  17755.439    -4.101    -0.34    2.05
  18041.737    -3.794     1.07    2.43
  18328.032    -2.922     3.05    3.32
  18614.324    -2.529     1.37    3.50
  18900.614    -2.148     1.33    3.64
  19186.901    -1.730     1.46    3.48
  19473.186    -0.885     2.95    2.97
  19759.469    -0.571     1.10    2.84
  20045.748    -1.025    -1.59    3.05
  20332.025    -1.536    -1.78    3.29
  20618.300    -1.301     0.82    4.15
  20904.572    -0.167     3.96    5.09
  21190.842     1.898     7.22    6.28
  21477.109     4.287     8.35    7.14
  21763.373     6.443     7.53    6.94
  22049.635     8.750     8.06    6.10
  22335.894    10.791     7.13    4.91
  22622.151    12.269     5.16    4.77
  22908.405    14.048     6.22    5.33
  23194.657    14.771     2.53    5.74
  23480.906    14.430    -1.19    6.02
  23767.153    13.873    -1.95    6.29
  24053.397    13.540    -1.16    6.36
  24339.638    12.810    -2.55    6.45
  24625.877    11.300    -5.27    6.10
  24912.113     9.521    -6.21    4.75
  25198.347     7.936    -5.54    3.05
  25484.579     6.789    -4.01    2.63
  25770.807     5.699    -3.81    3.04
  26057.033     4.723    -3.41    3.15
  26343.257     4.159    -1.97    2.96
  26629.478     3.862    -1.04    2.83
  26915.697     3.665    -0.69    2.79
  27201.913     3.564    -0.35    2.77
  27488.126     3.557    -0.03    2.61
  27774.337     3.493    -0.22    2.49
  28060.545     2.986    -1.77    2.50
  28346.751     2.842    -0.50    2.16
  28632.954     2.638    -0.71    2.10
  28919.155     2.054    -2.04    2.30
  29205.353     1.513    -1.89    2.46
  29491.549     1.083    -1.50    2.33
  29777.742     0.611    -1.65    2.37
  30063.932     0.521    -0.32    2.30
  30350.120     0.188    -1.16    2.10
  30636.306     0.074    -0.40    2.02
  30922.489     0.089     0.05    2.03
  31208.669    -0.063    -0.53    2.16
  31494.847    -0.392    -1.15    2.24
  31781.022    -0.563    -0.60    2.32
  32067.195    -0.838    -0.96    2.38
  32353.365    -0.763     0.26    2.25
  32639.532    -0.724     0.14    2.03
  32925.697    -0.372     1.23    2.20
  33211.860    -0.096     0.97    2.32
  33498.020     0.077     0.60    2.46
  33784.177     0.663     2.05    2.89
  34070.332     1.017     1.24    3.24
  34356.484     0.837    -0.63    3.76
  34642.790     0.499    -1.18    3.97
  34929.569    -0.004    -1.75    3.97
  35216.344    -0.620    -2.15    3.92
  35503.116    -1.507    -3.09    3.24
  35789.884    -2.372    -3.02    1.54
  36076.650    -2.379    -0.02    1.40
  36363.412    -2.263     0.40    1.36
  36650.170    -1.821     1.54    1.44
  36936.926    -1.195     2.18    1.64
  37223.678    -0.713     1.68    1.75
  37510.427    -0.416     1.04    1.80
  37797.172     0.040     1.59    1.76
  38083.914     0.443     1.41    1.58
  38370.653     0.929     1.69    1.69
  38657.389     1.163     0.82    1.94
  38944.121     1.682     1.81    2.13
  39230.850     2.594     3.18    2.49
  39517.576     3.342     2.61    2.63
  39804.299     4.436     3.81    2.75
  40091.018     5.961     5.32    3.55
  40377.734     7.551     5.54    4.32
  40664.447     9.027     5.15    4.77
  40951.156    10.172     3.99    4.78
  41237.862    11.118     3.30    4.59
  41524.565    11.778     2.30    4.07
  41811.264    12.133     1.24    3.50
  42097.960    12.500     1.28    3.68
  42384.653    14.121     5.66    5.87
  42671.343    16.635     8.77    7.82
  42958.029    19.520    10.07    8.97
  43244.712    23.361    13.40   10.88
  43531.392    29.154    20.21   13.19
  43818.068    35.844    23.34   14.97
  44104.741    42.870    24.51   15.92
  44391.411    50.957    28.21   18.64
  44678.078    61.727    37.57   22.69
  44964.741    71.826    35.23   23.58
  45251.401    78.833    24.44   21.44
  45538.058    84.110    18.41   20.14
  45824.711    90.901    23.69   19.94
  46111.361    97.076    21.54   20.74
  46398.008   102.563    19.14   21.16
  46684.652   108.246    19.83   22.97
  46971.292   117.802    33.34   25.80
  47257.929   129.471    40.71   28.61
  47544.563   141.055    40.41   29.01
  47831.193   153.382    43.01   29.00
  48117.820   169.944    57.78   33.46
  48404.444   189.652    68.76   41.44
  48691.065   216.056    92.12   52.44
  48977.682   241.329    88.18   56.52
  49264.296   262.932    75.38   53.32
  49550.907   280.639    61.78   42.66
  49837.514   290.016    32.72   34.15
  50124.118   293.698    12.84   33.48
  50410.719   297.325    12.66   34.41
  50697.317   303.206    20.52   35.73
  50983.911   309.032    20.33   34.96
  51270.502   313.159    14.40   30.50
  51557.090   313.243     0.29   27.65
  51843.674   308.920   -15.09   28.60
  52130.255   299.934   -31.35   34.65
  52416.833   287.186   -44.48   39.06
  52703.408   272.499   -51.25   37.84
  52989.979   257.729   -51.54   36.31
  53276.547   243.364   -50.13   38.05
  53563.112   227.853   -54.13   42.80
  53849.673   208.260   -68.37   47.40
  54136.231   188.023   -70.62   46.56
  54422.786   169.791   -63.62   40.89
  54709.338   155.621   -49.45   31.87
  54995.886   145.154   -36.53   23.55
  55282.431   137.191   -27.79   18.62
  55568.973   132.845   -15.17   19.47
  55855.511   128.615   -14.76   21.30
  56142.046   123.630   -17.40   23.14
  56428.578   119.471   -14.51   23.26
  56715.107   114.784   -16.36   22.91
  57001.632   108.681   -21.30   19.80
