 -93373.056   138.035     0.00   34.76
 -93086.618   146.810    30.63   40.05
 -92800.180   155.736    31.16   43.76
 -92513.743   170.747    52.41   45.86
 -92227.306   188.293    61.26   44.99
 -91940.869   205.600    60.42   41.09
 -91654.433   216.889    39.41   37.73
 -91367.998   222.185    18.49   34.50
 -91081.562   224.227     7.13   29.90
 -90795.128   224.202    -0.09   24.38
 -90508.693   220.542   -12.78   21.84
 -90222.259   212.393   -28.45   23.39
 -89935.825   201.347   -38.56   26.64
 -89649.392   191.073   -35.87   26.44
 -89362.959   182.605   -29.56   24.95
 -89076.527   173.073   -33.28   21.61
 -88790.095   164.974   -28.28   18.80
 -88503.663   158.229   -23.55   18.60
 -88217.232   151.227   -24.45   21.68
 -87930.801   145.975   -18.34   24.62
 -87644.370   141.182   -16.73   25.32
 -87357.940   136.924   -14.86   25.03
 -87071.510   133.453   -12.12   24.89
 -86785.081   133.432    -0.07   26.98
 -86498.652   137.996    15.94   30.86
 -86212.224   144.692    23.38   33.44
 -85925.795   153.309    30.08   34.24
 -85639.368   159.680    22.24   29.75
 -85352.940   162.372     9.40   23.13
 -85066.513   160.724    -5.75   21.13
 -84780.087   153.959   -23.62   25.73
 -84493.661   142.042   -41.60   29.38
 -84207.235   128.181   -48.39   28.10
 -83920.810   116.734   -39.97   21.42
 -83634.385   111.559   -18.07   18.54
 -83347.960   114.904    11.68   27.15
 -83061.536   125.614    37.39   36.53
 -82775.112   139.203    47.44   41.04
 -82488.689   156.222    59.42   42.88
 -82202.266   171.816    54.44   41.57
 -81915.843   184.741    45.13   40.76
 -81629.421   195.843    38.76   39.80
 -81342.999   203.693    27.41   36.09
 -81056.578   211.664    27.83   29.18
 -80770.157   215.795    14.42   25.52
 -80483.736   215.034    -2.66   28.71
 -80197.316   211.582   -12.05   31.20
 -79910.896   204.952   -23.15   30.34
 -79624.476   197.276   -26.80   29.44
 -79338.057   190.000   -25.40   32.25
 -79051.639   182.897   -24.80   30.88
 -78765.221   177.452   -19.01   29.09
 -78478.803   172.171   -18.44   27.46
 -78192.385   167.931   -14.80   25.07
 -77905.968   165.828    -7.34   22.66
 -77619.552   168.993    11.05   23.03
 -77333.135   178.327    32.59   23.02
 -77046.719   185.938    26.57   23.52
 -76760.304   191.687    20.07   21.65
 -76473.889   195.924    14.80   18.76
 -76187.474   198.380     8.57   18.92
 -75901.060   201.635    11.37   20.06
 -75614.646   206.043    15.39   21.06
 -75328.233   209.460    11.93   20.56
 -75041.819   211.689     7.78   19.03
 -74755.407   214.556    10.01   15.40
 -74468.994   216.924     8.27   14.22
 -74182.583   217.610     2.39   20.81
 -73896.171   218.116     1.77   28.59
 -73609.760   217.269    -2.96   32.96
 -73323.349   216.713    -1.94   37.02
 -73036.939   217.086     1.30   40.98
 -72750.529   216.492    -2.08   42.64
 -72464.119   211.071   -18.93   43.28
 -72177.710   201.737   -32.59   40.51
 -71891.301   192.459   -32.39   36.43
 -71604.893   184.438   -28.00   33.92
 -71318.485   176.307   -28.39   30.23
 -71032.078   165.478   -37.81   28.29
 -70745.670   153.234   -42.75   27.58
 -70459.264   142.030   -39.12   24.19
 -70172.857   130.612   -39.87   21.79
 -69886.451   121.767   -30.88   20.48
 -69600.046   115.169   -23.04   18.92
 -69313.641   109.846   -18.59   17.69
 -69027.236   106.317   -12.32   17.00
 -68740.831   102.582   -13.04   16.39
 -68454.427    97.279   -18.51   15.21
 -68168.024    95.314    -6.86   14.72
 -67881.621    96.262     3.31   19.80
 -67595.218    99.883    12.64   25.89
 -67308.815   106.220    22.13   31.67
 -67022.413   114.397    28.55   33.77
 -66736.012   122.834    29.46   31.17
 -66449.611   129.773    24.23   25.15
 -66163.210   133.410    12.70   23.01
 -65876.809   132.630    -2.73   23.53
 -65590.409   130.328    -8.04   24.10
 -65304.010   130.387     0.20   25.45
 -65017.610   137.317    24.20   29.49
 -64731.211   150.842    47.22   34.83
 -64444.813   165.686    51.83   37.83
 -64158.415   175.262    33.44   36.77
 -63872.017   179.530    14.90   31.61
 -63585.620   179.489    -0.14   26.01
 -63299.223   177.360    -7.43   21.68
 -63012.827   173.479   -13.55   18.33
 -62726.431   170.490   -10.44   16.04
 -62440.035   164.150   -22.14   14.23
 -62153.640   156.548   -26.55   11.41
 -61867.245   150.074   -22.60   13.34
 -61580.850   143.945   -21.40   15.98
 -61294.456   138.093   -20.43   17.31
 -61008.062   133.877   -14.72   16.04
 -60721.669   129.055   -16.84   12.71
 -60435.276   125.195   -13.48   11.06
 -60148.884   123.883    -4.58   10.72
 -59862.492   123.123    -2.65   12.83
 -59576.100   121.726    -4.88   15.21
 -59289.709   119.849    -6.55   15.32
 -59003.318   115.469   -15.29   14.67
 -58716.927   111.397   -14.22   14.43
 -58430.537   107.487   -13.65   13.04
 -58144.147   103.030   -15.56   10.93
 -57857.758    99.351   -12.85   10.22
 -57571.369    96.120   -11.28    8.90
 -57284.980    92.657   -12.09    6.87
 -56998.592    89.924    -9.54    7.56
 -56712.204    87.517    -8.41    7.85
 -56425.817    84.267   -11.35    7.69
 -56139.430    80.803   -12.10    8.48
 -55853.043    77.601   -11.18    8.99
 -55566.657    73.296   -15.03    8.99
 -55280.271    69.107   -14.62    8.00
 -54993.886    65.826   -11.46    5.96
 -54707.501    64.164    -5.80    5.72
 -54421.116    63.016    -4.01    6.45
 -54134.732    62.712    -1.06    8.76
 -53848.348    62.967     0.89   11.54
 -53561.965    63.029     0.22   13.79
 -53275.582    62.619    -1.43   15.04
 -52989.199    61.674    -3.30   15.47
 -52702.817    59.783    -6.61   15.21
 -52416.435    58.495    -4.50   14.07
 -52130.054    58.312    -0.64   12.47
 -51843.673    58.636     1.13   10.98
 -51557.292    59.269     2.21   10.68
 -51270.912    60.421     4.02   11.29
 -50984.532    61.253     2.91   11.45
 -50698.153    61.548     1.03   11.12
 -50411.773    60.974    -2.00   11.48
 -50125.395    59.732    -4.34   11.94
 -49839.016    57.685    -7.15   11.89
 -49552.639    54.498   -11.13   11.74
 -49266.261    51.242   -11.37   10.29
 -48979.884    49.043    -7.68    8.41
 -48693.507    48.722    -1.12    6.88
 -48407.131    49.631     3.17    6.41
 -48120.755    50.833     4.20    7.25
 -47834.380    52.345     5.28    7.83
 -47548.005    53.020     2.36    7.93
 -47261.630    51.541    -5.16    9.74
 -46975.255    48.650   -10.09   11.25
 -46688.882    45.513   -10.95   11.01
 -46402.508    42.000   -12.27    8.96
 -46116.135    38.580   -11.94    6.61
 -45829.762    35.775    -9.79    5.36
 -45543.390    33.532    -7.83    5.56
 -45257.018    31.726    -6.31    6.48
 -44970.646    29.787    -6.77    6.84
 -44684.275    28.411    -4.81    6.15
 -44397.904    27.541    -3.04    4.92
 -44111.534    27.294    -0.86    4.56
 -43825.164    27.115    -0.63    4.89
 -43538.794    26.346    -2.68    5.02
 -43252.425    25.775    -2.00    4.83
 -42966.057    25.333    -1.54    4.44
 -42679.688    25.438     0.37    4.30
 -42393.320    25.741     1.06    4.09
 -42106.953    25.607    -0.47    3.87
 -41820.585    25.124    -1.69    4.25
 -41534.219    24.276    -2.96    4.53
 -41247.852    23.089    -4.15    4.56
 -40961.486    21.744    -4.70    4.05
 -40675.120    20.390    -4.73    4.16
 -40388.755    19.407    -3.43    4.50
 -40102.390    18.573    -2.91    4.50
 -39816.026    17.798    -2.70    4.45
 -39529.662    16.713    -3.79    4.25
 -39243.298    15.491    -4.27    3.62
 -38956.935    14.577    -3.19    3.28
 -38670.572    13.946    -2.20    2.90
 -38384.210    13.839    -0.37    2.60
 -38097.848    14.482     2.24    3.78
 -37811.486    15.824     4.69    5.66
 -37525.125    17.603     6.21    7.37
 -37238.759    19.653     7.16    8.33
 -36952.235    21.591     6.76    8.34
 -36665.712    22.889     4.53    7.81
 -36379.190    22.747    -0.50    7.16
 -36092.670    21.629    -3.90    6.51
 -35806.150    19.586    -7.13    6.62
 -35519.631    17.333    -7.87    6.37
 -35233.114    15.295    -7.11    5.60
 -34946.598    13.511    -6.23    5.17
 -34660.083    12.820    -2.41    5.27
 -34373.569    12.356    -1.62    6.00
 -34087.056    12.212    -0.50    6.37
 -33800.544    12.097    -0.40    6.63
 -33514.034    12.394     1.04    6.54
 -33227.524    12.822     1.50    6.19
 -32941.016    12.708    -0.40    5.53
 -32654.509    12.339    -1.29    4.32
 -32368.002    12.459     0.42    3.55
 -32081.497    13.021     1.96    3.34
 -31794.993    12.724    -1.04    3.69
 -31508.491    11.727    -3.48    4.59
 -31221.989    10.610    -3.90    4.79
 -30935.488    10.074    -1.87    4.83
 -30648.989    10.370     1.03    5.13
 -30362.491    10.832     1.61    5.07
 -30075.993    11.371     1.88    5.29
 -29789.497    11.768     1.39    5.31
 -29503.002    11.960     0.67    5.09
 -29216.508    11.924    -0.12    5.12
 -28930.016    10.924    -3.49    4.84
 -28643.524     9.519    -4.91    3.84
 -28357.034     8.869    -2.27    3.05
 -28070.544     8.863    -0.02    3.05
 -27784.056     9.075     0.74    3.26
 -27497.569     8.862    -0.74    3.29
 -27211.083     8.596    -0.93    3.40
 -26924.598     8.863     0.93    3.34
 -26638.114     8.870     0.02    3.30
 -26351.631     8.478    -1.37    3.46
 -26065.150     7.339    -3.98    3.64
 -25778.669     6.047    -4.51    3.54
 -25492.190     5.145    -3.15    3.76
 -25205.712     4.008    -3.97    3.75
 -24919.235     3.167    -2.93    3.69
 -24632.759     2.460    -2.47    3.66
 -24346.284     2.248    -0.74    4.29
 -24059.810     4.385     7.46    7.41
 -23773.337     7.995    12.60   10.79
 -23486.866    13.307    18.54   14.50
 -23200.395    19.896    23.00   16.86
 -22913.926    25.551    19.74   16.97
 -22627.458    30.206    16.25   14.51
 -22340.991    31.785     5.51   13.05
 -22054.525    30.124    -5.80   13.70
 -21768.060    26.612   -12.26   13.66
 -21481.596    21.870   -16.55   12.31
 -21195.134    17.472   -15.35    9.06
 -20908.672    14.193   -11.45    4.70
 -20622.212    12.836    -4.74    1.98
 -20335.753    12.762    -0.26    1.75
 -20049.295    13.019     0.90    2.14
 -19762.838    13.176     0.55    2.20
 -19476.382    13.424     0.87    2.18
 -19189.927    13.517     0.33    2.17
 -18903.473    13.649     0.46    2.47
 -18617.021    13.572    -0.27    2.81
 -18330.569    13.660     0.31    3.17
 -18044.119    14.153     1.72    3.36
 -17757.670    14.996     2.94    3.32
 -17471.222    16.080     3.78    3.30
 -17184.775    16.818     2.57    3.07
 -16898.329    16.102    -2.50    4.29
 -16611.884    14.495    -5.61    5.47
 -16325.440    12.733    -6.15    5.84
 -16038.998    11.236    -5.22    5.40
 -15752.557    10.185    -3.67    5.03
 -15466.116     9.338    -2.96    4.53
 -15179.677     9.566     0.79    4.89
 -14893.239    11.548     6.92    6.00
 -14606.802    13.631     7.27    6.61
 -14320.366    15.144     5.28    6.84
 -14033.932    14.979    -0.57    6.93
 -13747.498    14.226    -2.63    7.10
 -13461.066    12.958    -4.43    7.10
 -13174.634    11.931    -3.59    7.08
 -12888.204    10.517    -4.94    6.79
 -12601.775     8.945    -5.49    6.00
 -12315.347     7.428    -5.30    4.33
 -12028.920     6.804    -2.18    3.51
 -11742.494     7.882     3.76    5.15
 -11456.070     9.667     6.23    6.25
 -11169.646    10.860     4.16    6.60
 -10883.224    12.502     5.73    6.65
 -10596.803    14.009     5.26    6.43
 -10310.382    15.251     4.33    6.10
 -10023.963    16.300     3.66    5.92
  -9737.545    16.052    -0.87    5.86
  -9451.129    16.078     0.09    5.54
  -9164.713    15.758    -1.12    5.61
  -8878.298    15.007    -2.62    5.33
  -8591.885    13.842    -4.07    5.42
  -8305.472    12.281    -5.45    5.53
  -8019.061    10.376    -6.65    5.48
  -7732.651     8.479    -6.62    4.97
  -7446.242     7.115    -4.76    4.31
  -7159.834     6.104    -3.53    3.92
  -6873.427     5.255    -2.96    3.28
  -6587.022     4.586    -2.34    2.33
  -6300.617     4.230    -1.24    1.34
  -6014.214     4.362     0.46    1.60
  -5727.811     4.727     1.28    2.43
  -5441.410     5.166     1.53    3.35
  -5155.010     5.996     2.90    4.79
  -4868.611     7.253     4.39    6.58
  -4582.213     8.768     5.29    7.73
  -4295.817     9.762     3.47    7.95
  -4009.421     9.924     0.57    7.55
  -3723.026    10.060     0.47    7.07
  -3436.633    10.187     0.44    6.46
  -3150.241    10.650     1.62    5.67
  -2863.850    10.610    -0.14    4.84
  -2577.460    10.619     0.03    3.54
  -2291.071    10.459    -0.56    3.05
  -2004.683     9.548    -3.18    3.40
  -1718.296     8.861    -2.40    3.54
  -1431.910     8.304    -1.95    3.70
  -1145.526     6.883    -4.96    4.22
   -859.143     5.376    -5.26    4.53
   -572.760     3.849    -5.34    4.54
   -286.379     3.223    -2.18    4.41
      0.001     3.751     1.84    5.23
    286.380     4.729     3.41    5.98
    572.757     6.383     5.78    6.19
    859.134     7.960     5.51    5.84
   1145.510     9.796     6.41    5.46
   1431.884    11.471     5.85    5.21
   1718.257    12.910     5.02    5.22
   2004.630    14.867     6.83    5.67
   2291.001    16.563     5.92    7.15
   2577.371    18.096     5.35    7.46
   2863.739    19.174     3.77    7.22
   3150.107    19.439     0.92    6.93
   3436.474    19.861     1.48    6.96
   3722.839    19.657    -0.71    6.22
   4009.204    18.924    -2.56    5.25
   4295.567    18.566    -1.25    4.66
   4581.929    19.028     1.61    4.40
   4868.290    18.669    -1.25    4.03
   5154.650    18.048    -2.17    3.84
   5441.009    17.986    -0.22    4.08
   5727.367    18.931     3.30    4.67
   6013.723    19.635     2.46    4.67
   6300.079    19.607    -0.10    4.63
   6586.433    19.659     0.18    4.59
   6872.786    19.736     0.27    4.14
   7159.139    19.533    -0.71    3.14
   7445.490    18.603    -3.25    3.62
   7731.839    16.996    -5.61    4.61
   8018.188    15.332    -5.81    5.15
   8304.536    13.903    -4.99    4.91
   8590.882    13.667    -0.82    4.63
   8877.228    13.917     0.87    4.85
   9163.572    14.529     2.14    5.11
   9449.915    15.586     3.69    5.14
   9736.258    16.460     3.05    4.85
  10022.599    16.924     1.62    4.79
  10308.938    15.421    -5.25    5.27
  10595.277    13.042    -8.31    6.23
  10881.615    11.258    -6.23    6.26
  11167.951    10.800    -1.60    6.15
  11454.287    10.541    -0.91    5.83
  11740.621     9.746    -2.77    5.21
  12026.954     9.800     0.19    4.97
  12313.286    10.598     2.79    5.12
  12599.617    11.137     1.88    5.16
  12885.947    11.239     0.36    5.47
  13172.276    10.452    -2.75    5.74
  13458.603     9.840    -2.14    5.78
  13744.930    10.199     1.25    6.02
  14031.255    11.059     3.00    7.19
  14317.580    12.967     6.66    8.90
  14603.903    15.563     9.07   10.00
  14890.225    18.833    11.42   11.63
  15176.546    22.719    13.57   12.41
  15462.866    26.601    13.56   12.02
  15749.184    29.117     8.79   11.30
  16035.502    31.174     7.18    9.97
  16321.818    33.819     9.24    7.98
  16608.134    35.435     5.64    6.51
  16894.448    34.607    -2.89    6.18
  17180.761    32.249    -8.24    7.00
  17467.073    29.380   -10.02    7.67
  17753.384    26.512   -10.02    7.97
  18039.694    23.421   -10.80    6.72
  18326.002    21.673    -6.11    4.84
  18612.310    21.635    -0.13    4.76
  18898.616    21.773     0.48    4.67
  19184.922    21.739    -0.12    4.67
  19471.226    21.723    -0.06    4.85
  19757.529    20.055    -5.82    5.69
  20043.831    17.537    -8.80    6.73
  20330.132    14.563   -10.39    6.93
  20616.432    11.579   -10.42    7.16
  20902.730     8.854    -9.52    6.80
  21189.028     6.775    -7.26    5.45
  21475.324     5.109    -5.82    2.70
  21761.619     4.478    -2.20    2.11
  22047.914     4.802     1.13    2.31
  22334.207     5.839     3.62    3.37
  22620.499     7.903     7.21    5.11
  22906.789    10.614     9.47    6.63
  23193.079    13.530    10.18    8.02
  23479.368    17.068    12.36    9.58
  23765.655    20.850    13.21   11.44
  24051.942    24.580    13.03   12.34
  24338.227    28.233    12.76   12.49
  24624.539    31.884    12.75   12.73
  24911.142    36.652    16.64   15.01
  25197.743    43.076    22.41   16.73
  25484.343    50.709    26.63   18.86
  25770.940    59.386    30.28   19.83
  26057.536    69.533    35.40   21.28
  26344.130    81.181    40.64   25.72
  26630.722    93.723    43.76   30.55
  26917.312   109.368    54.59   37.15
  27203.901   125.208    55.27   41.32
  27490.487   140.624    53.79   41.29
  27777.072   153.508    44.96   39.53
  28063.655   160.801    25.45   37.35
  28350.236   162.260     5.09   35.62
  28636.815   157.157   -17.81   36.98
  28923.392   147.394   -34.07   37.73
  29209.968   136.507   -37.99   35.80
  29496.541   127.568   -31.19   32.02
  29783.113   119.303   -28.84   27.92
  30069.683   109.982   -32.53   25.53
  30356.251    99.403   -36.91   24.59
  30642.818    90.683   -30.43   22.24
  30929.382    84.917   -20.12   18.19
  31215.945    81.860   -10.67   14.61
  31502.505    82.002     0.49   15.40
  31789.064    87.758    20.09   19.68
  32075.621    98.690    38.15   22.63
  32362.177   111.162    43.53   23.62
  32648.730   122.704    40.28   24.15
  32935.282   130.117    25.87   22.46
  33221.831   135.987    20.48   22.03
  33508.379   142.530    22.83   25.36
  33794.925   145.015     8.67   28.32
  34081.469   140.442   -15.96   31.76
  34368.012   132.122   -29.04   34.62
  34654.552   125.150   -24.33   34.96
  34941.091   122.059   -10.79   33.11
  35227.628   120.589    -5.13   32.29
  35514.163   123.792    11.18   34.50
  35800.696   140.679    58.94   49.24
  36087.227   160.938    70.70   54.48
  36373.756   181.639    72.25   49.91
  36660.284   198.992    60.57   41.52
  36946.810   213.924    52.11   36.33
  37233.334   227.978    49.05   35.01
  37519.856   242.854    51.92   30.46
  37806.376   249.680    23.82   25.78
  38092.894   251.322     5.73   23.49
  38379.411   249.017    -8.04   26.60
  38665.926   242.513   -22.70   32.55
  38952.439   231.194   -39.51   35.94
  39238.950   216.288   -52.03   34.42
  39525.459   202.126   -49.43   32.91
  39811.966   188.341   -48.11   33.48
  40098.472   175.959   -43.22   31.68
  40384.975   167.500   -29.53   29.47
  40671.477   162.473   -17.55   31.05
  40957.977   160.007    -8.61   36.82
  41244.475   158.681    -4.63   42.86
  41530.972   154.882   -13.26   45.67
  41817.466   153.023    -6.49   47.94
  42103.959   150.449    -8.98   47.52
  42390.449   146.520   -13.71   45.18
  42676.938   143.924    -9.06   42.66
  42963.425   141.685    -7.82   39.88
  43249.911   137.037   -16.22   38.77
  43536.394   129.082   -27.77   38.99
  43822.876   116.897   -42.53   41.08
  44109.355   102.822   -49.13   41.48
  44395.833    86.924   -55.49   37.51
  44682.309    73.632   -46.40   30.11
  44968.784    63.884   -34.03   21.01
  45255.256    64.591     2.47   23.98
  45541.727    78.982    50.23   43.36
  45828.195   104.300    88.38   61.04
  46114.662   135.144   107.67   72.56
  46401.127   169.797   120.97   74.87
  46687.590   203.563   117.87   64.99
  46974.052   231.931    99.03   46.56
  47260.511   247.050    52.78   30.54
  47546.969   251.655    16.08   25.35
  47833.425   248.600   -10.67   30.32
  48119.879   237.274   -39.54   37.59
  48406.331   219.022   -63.72   41.44
  48692.781   197.465   -75.25   39.91
  48979.230   176.327   -73.79   36.53
  49265.676   157.687   -65.07   31.89
  49552.121   143.748   -48.66   24.98
  49838.564   135.227   -29.75   18.56
  50125.005   133.074    -7.52   19.20
  50411.444   138.868    20.23   29.77
  50697.882   151.002    42.36   40.58
  50984.317   168.022    59.42   47.29
  51270.751   184.435    57.30   48.14
  51557.183   194.571    35.39   43.67
  51843.613   196.455     6.58   42.37
  52130.041   188.319   -28.41   46.92
  52416.468   170.591   -61.89   49.94
  52702.892   150.164   -71.32   45.51
  52989.315   132.097   -63.08   37.00
  53275.736   118.357   -47.97   28.57
  53562.155   110.579   -27.16   19.49
  53848.572   112.421     6.43   20.51
  54134.987   119.215    23.72   26.39
  54421.401   128.178    31.29   30.67
  54707.813   139.368    39.07   31.38
  54994.222   152.959    47.45   28.12
  55280.630   163.827    37.95   26.39
  55567.037   172.362    29.80   28.81
  55853.441   178.911    22.87   30.44
  56139.843   184.356    19.01   31.14
  56426.244   191.356    24.44   32.70
  56712.643   198.890    26.31   37.39
  56999.040   209.575    37.31   48.21
  57285.435   222.229    44.19   66.19
  57571.828   230.889    30.24   79.28
  57858.220   232.924     7.11   86.88
  58144.609   226.847   -21.22   90.72
  58430.997   214.818   -42.00   90.65
  58717.383   200.164   -51.17   83.12
  59003.767   181.779   -64.20   61.28
  59290.150   170.890   -38.02   43.02
  59576.530   169.788    -3.85   35.25
  59862.909   178.773    31.37   44.37
  60149.285   201.333    78.78   67.78
  60435.660   231.269   104.54   84.28
  60722.033   266.508   123.05   98.06
  61008.405   302.044   124.09  101.46
  61294.774   335.270   116.02   91.35
  61581.142   362.641    95.58   74.68
  61867.507   372.208    33.41   66.15
  62153.871   367.995   -14.71   63.20
  62440.233   355.350   -44.16   58.61
  62726.593   337.206   -63.36   51.39
  63012.952   319.348   -62.36   51.31
  63299.308   304.348   -52.38   49.89
  63585.663   292.400   -41.72   44.13
  63872.016   285.253   -24.96   40.30
  64158.367   282.355   -10.12   41.86
  64444.716   283.726     4.79   46.96
  64731.064   288.723    17.45   48.11
  65017.409   296.840    28.35   45.80
  65303.753   306.093    32.32   41.78
  65590.095   315.038    31.24   41.49
  65876.435   330.832    55.16   48.14
  66162.773   352.974    77.33   57.09
  66449.109   375.924    80.15   61.22
  66735.444   403.600    96.66   68.09
  67021.776   428.517    87.02   78.61
  67308.107   456.475    97.64   98.74
  67594.436   482.315    90.24  111.56
  67880.763   503.979    75.66  116.10
  68167.089   514.507    36.77  114.42
  68453.412   515.999     5.21  107.85
  68739.734   511.449   -15.89   98.85
  69026.054   495.289   -56.44   93.93
  69312.372   466.723   -99.77   89.53
  69598.688   435.093  -110.47   75.26
  69885.002   403.463  -110.47   64.81
  70171.315   374.017  -102.85   56.27
  70457.625   344.615  -102.69   57.92
  70743.934   311.861  -114.40   62.41
  71030.241   281.297  -106.75   62.81
  71316.546   256.342   -87.16   58.64
  71602.849   235.111   -74.16   49.37
  71889.151   216.007   -66.72   39.67
  72175.451   199.131   -58.94   28.48
  72461.748   188.112   -38.49   23.65
  72748.044   178.269   -34.38   21.18
  73034.338   167.666   -37.04   20.21
  73320.631   158.579   -31.74   19.08
  73606.921   154.938   -12.72   22.09
  73893.210   157.685     9.59   30.67
  74179.496   165.241    26.39   40.29
  74465.781   178.762    47.23   52.49
  74752.065   201.806    80.49   65.52
  75038.346   229.534    96.85   70.34
  75324.625   253.775    84.67   60.92
  75610.903   270.774    59.38   55.70
  75897.179   285.217    50.45   54.19
  76183.453   301.109    55.51   51.06
  76469.725   311.090    34.86   47.54
  76755.995   314.453    11.75   43.68
  77042.263   313.296    -4.04   40.63
  77328.530   310.946    -8.21   39.18
  77614.795   303.532   -25.90   39.45
  77901.058   290.529   -45.42   39.23
  78187.319   274.496   -56.01   38.77
  78473.578   259.640   -51.90   35.35
  78759.835   248.593   -38.59   30.26
  79046.091   242.292   -22.01   28.43
  79332.345   239.876    -8.44   28.77
  79618.597   244.965    17.78   33.98
  79904.847   257.591    44.11   42.88
  80191.095   278.404    72.71   50.83
  80477.341   305.344    94.12   59.13
  80763.586   336.727   109.64   67.72
  81049.829   366.113   102.66   65.30
  81336.069   388.209    77.19   53.83
  81622.309   397.723    33.24   43.64
  81908.546   396.798    -3.23   43.54
  82194.781   385.685   -38.83   51.58
  82481.015   366.431   -67.27   55.72
  82767.247   341.883   -85.76   50.64
  83053.476   318.020   -83.37   45.27
  83339.704   296.788   -74.18   42.63
  83625.931   277.323   -68.01   40.28
  83912.155   259.219   -63.25   37.40
  84198.378   242.106   -59.79   33.36
  84484.598   226.253   -55.39   28.52
  84770.817   213.119   -45.89   23.40
  85057.034   203.396   -33.97   21.66
  85343.250   194.265   -31.90   19.56
  85629.463   185.795   -29.59   18.26
  85915.675   178.796   -24.45   16.89
  86201.884   172.697   -21.31   15.30
  86488.161   167.567   -17.92   12.11
  86774.842   164.001   -12.44    9.68
