-125182.770   463.077     0.00   74.62
-124896.495   470.695    26.61   75.18
-124610.209   484.911    49.65   78.81
-124323.911   493.821    31.12   78.86
-124037.601   493.200    -2.17   76.13
-123751.280   502.714    33.23   77.63
-123464.948   512.511    34.21   78.58
-123178.604   525.342    44.81   70.42
-122892.248   531.296    20.79   66.85
-122605.881   540.780    33.12   69.11
-122319.503   555.106    50.02   70.81
-122033.113   574.087    66.28   72.34
-121746.711   592.526    64.38   74.31
-121460.298   612.051    68.17   85.48
-121173.874   638.994    94.06  104.73
-120887.438   672.200   115.92  115.24
-120600.991   688.568    57.14  115.17
-120314.532   703.847    53.33  110.92
-120028.061   715.788    41.68  105.76
-119741.579   718.729    10.27   98.81
-119455.086   716.073    -9.27  106.39
-119168.581   709.280   -23.71  113.14
-118882.064   696.400   -44.95  114.79
-118595.536   681.670   -51.41  116.46
-118308.997   653.386   -98.71  113.95
-118022.446   613.059  -140.73  107.49
-117735.883   578.864  -119.32  104.30
-117449.309   542.958  -125.29  102.73
-117162.723   505.280  -131.47   83.43
-116876.126   480.887   -85.11   68.06
-116589.518   453.386   -95.95   49.07
-116302.897   439.207   -49.47   38.61
-116016.266   436.104   -10.83   39.81
-115729.622   440.394    14.97   46.80
-115442.968   441.937     5.38   50.66
-115156.301   438.546   -11.83   57.98
-114869.623   432.335   -21.66   62.06
-114582.934   430.070    -7.90   59.88
-114296.233   425.117   -17.27   59.32
-114009.520   426.053     3.27   60.44
-113722.796   446.494    71.29   76.11
-113436.061   478.556   111.81   90.23
-113149.314   526.193   166.12   92.01
-112862.555   552.579    92.01   76.15
-112575.785   557.641    17.65   72.98
-112289.003   542.741   -51.95   81.97
-112002.210   517.678   -87.39   88.22
-111715.405   486.208  -109.73   85.92
-111428.588   453.450  -114.21   68.08
-111141.760   424.350  -101.45   52.24
-110854.921   406.822   -61.10   43.11
-110568.069   396.766   -35.06   42.18
-110281.207   391.564   -18.14   43.82
-109994.332   390.937    -2.18   44.69
-109707.447   382.342   -29.96   44.70
-109420.549   363.358   -66.17   45.66
-109133.640   348.335   -52.36   46.83
-108846.720   341.222   -24.79   45.59
-108559.787   334.999   -21.69   46.30
-108272.844   327.073   -27.62   43.13
-107985.888   328.994     6.69   44.69
-107698.921   326.927    -7.20   45.94
-107411.943   332.338    18.85   48.93
-107124.953   342.230    34.47   52.10
-106837.951   354.568    42.99   54.10
-106550.938   375.965    74.55   54.46
-106263.913   388.571    43.92   55.27
-105976.877   388.330    -0.84   53.20
-105689.829   383.155   -18.03   51.42
-105402.769   372.744   -36.26   55.00
-105115.698   368.140   -16.04   58.09
-104828.615   370.381     7.81   62.58
-104541.521   378.066    26.77   62.18
-104254.415   376.496    -5.47   58.61
-103967.297   371.386   -17.80   56.97
-103680.168   365.519   -20.43   59.95
-103393.027   351.485   -48.87   66.09
-103105.875   326.920   -85.54   74.80
-102818.710   288.353  -134.30   65.95
-102531.535   259.640   -99.98   55.13
-102244.347   232.843   -93.31   45.67
-101957.149   211.598   -73.97   35.78
-101669.938   194.439   -59.74   24.64
-101382.716   182.671   -40.97   19.67
-101095.482   173.869   -30.64   16.94
-100808.237   165.404   -29.47   13.39
-100520.980   160.327   -17.68   11.79
-100233.711   155.294   -17.52   10.17
 -99946.431   152.499    -9.73    9.16
 -99659.139   149.507   -10.41    7.98
 -99371.835   147.362    -7.47    7.56
 -99084.520   145.704    -5.77    7.48
 -98797.193   143.763    -6.75    7.50
 -98509.855   141.246    -8.76    7.70
 -98222.505   139.461    -6.21    7.87
 -97935.143   137.693    -6.15    7.66
 -97647.770   135.229    -8.57    7.21
 -97360.385   133.245    -6.90    6.86
 -97072.988   131.310    -6.73    6.31
 -96785.580   129.612    -5.91    6.13
 -96498.160   127.583    -7.06    6.19
 -96210.728   126.015    -5.46    5.73
 -95923.285   125.200    -2.83    5.82
 -95635.830   124.186    -3.53    5.93
 -95348.363   122.849    -4.65    5.79
 -95060.885   121.367    -5.16    5.29
 -94773.395   119.711    -5.76    5.45
 -94485.893   118.281    -4.97    5.68
 -94198.380   116.887    -4.85    6.27
 -93910.855   115.383    -5.23    6.73
 -93623.319   113.758    -5.65    7.25
 -93335.770   112.430    -4.62    7.78
 -93048.210   110.704    -6.00    7.83
 -92760.639   108.215    -8.65    7.78
 -92473.055   106.244    -6.85    7.94
 -92185.460   103.606    -9.17    7.09
 -91897.854   101.996    -5.60    6.36
 -91610.235    99.803    -7.62    5.79
 -91322.605    98.052    -6.09    5.25
 -91034.964    97.055    -3.47    5.65
 -90747.310    95.596    -5.07    5.50
 -90459.645    95.061    -1.86    5.67
 -90171.968    93.352    -5.94    5.47
 -89884.700    92.164    -4.14    5.15
 -89599.413    90.348    -6.36    4.99
 -89314.115    89.374    -3.41    4.91
 -89028.807    88.301    -3.76    5.08
 -88743.488    87.079    -4.28    5.00
 -88458.158    86.142    -3.28    4.81
 -88172.818    85.283    -3.01    4.46
 -87887.467    84.430    -2.99    4.47
 -87602.105    83.404    -3.59    4.85
 -87316.733    81.988    -4.96    4.40
 -87031.349    81.033    -3.34    4.21
 -86745.956    80.378    -2.30    4.15
 -86460.551    79.386    -3.48    3.59
 -86175.136    78.422    -3.38    3.05
 -85889.710    77.782    -2.24    2.59
 -85604.273    76.761    -3.58    2.88
 -85318.826    75.523    -4.34    3.11
 -85033.368    74.207    -4.61    2.85
 -84747.899    73.104    -3.86    2.67
 -84462.420    72.071    -3.62    2.58
 -84176.929    70.755    -4.61    2.58
 -83891.429    69.610    -4.01    2.37
 -83605.917    68.461    -4.03    2.26
 -83320.395    67.363    -3.85    2.23
 -83034.862    66.333    -3.61    2.36
 -82749.318    65.027    -4.57    2.79
 -82463.764    63.636    -4.87    3.03
 -82178.199    62.339    -4.54    2.95
 -81892.623    61.081    -4.41    2.78
 -81607.036    59.836    -4.36    2.81
 -81321.439    58.541    -4.53    2.77
 -81035.831    57.341    -4.20    2.62
 -80750.212    56.200    -3.99    2.82
 -80464.583    54.924    -4.47    2.69
 -80178.942    53.800    -3.93    2.61
 -79893.291    52.548    -4.38    2.74
 -79607.630    51.245    -4.56    3.05
 -79321.957    49.696    -5.42    3.22
 -79036.274    48.230    -5.13    3.75
 -78750.580    46.693    -5.38    4.29
 -78464.876    45.022    -5.85    4.31
 -78179.160    44.604    -1.46    4.82
 -77893.434    47.464    10.01    9.66
 -77607.698    52.103    16.23   13.35
 -77321.950    57.487    18.84   15.47
 -77036.192    63.283    20.28   17.68
 -76750.423    70.346    24.71   19.38
 -76464.643    77.667    25.62   17.72
 -76178.852    82.005    15.18   14.96
 -75893.051    83.606     5.60   13.01
 -75607.239    82.304    -4.55   13.73
 -75321.416    80.178    -7.44   14.36
 -75035.582    74.586   -19.56   14.88
 -74749.738    68.437   -21.51   12.76
 -74463.883    64.444   -13.97   10.12
 -74178.017    62.786    -5.80    9.82
 -73892.141    64.351     5.47   13.44
 -73606.253    67.222    10.04   16.05
 -73320.355    68.852     5.70   16.48
 -73034.446    69.400     1.92   16.07
 -72748.527    68.304    -3.83   15.76
 -72462.596    65.915    -8.35   15.71
 -72176.655    62.741   -11.10   13.96
 -71890.703    60.265    -8.66   11.43
 -71604.740    59.178    -3.80   10.02
 -71318.767    56.974    -7.70    9.40
 -71032.782    55.401    -5.50   10.55
 -70746.787    52.663    -9.58   11.80
 -70460.781    49.322   -11.68   12.75
 -70174.765    43.571   -20.11   12.99
 -69888.737    37.904   -19.81   11.03
 -69602.699    32.630   -18.44    7.06
 -69316.650    29.427   -11.19    4.10
 -69030.590    27.308    -7.41    2.87
 -68744.520    26.081    -4.29    2.75
 -68458.438    24.996    -3.80    2.67
 -68172.346    23.758    -4.33    2.74
 -67886.243    22.467    -4.51    2.78
 -67600.130    21.543    -3.23    2.55
 -67314.005    20.905    -2.23    2.57
 -67027.870    20.772    -0.46    2.77
 -66741.723    20.614    -0.56    2.88
 -66455.567    20.465    -0.52    2.90
 -66169.399    20.500     0.12    2.96
 -65883.220    20.790     1.01    3.02
 -65597.031    21.367     2.02    3.33
 -65310.831    22.427     3.71    3.43
 -65024.620    23.075     2.26    3.35
 -64738.398    23.506     1.51    3.15
 -64452.165    24.405     3.14    3.70
 -64165.922    24.804     1.40    3.56
 -63879.668    24.491    -1.09    3.52
 -63593.403    24.193    -1.04    3.84
 -63307.127    23.275    -3.21    3.98
 -63020.840    22.319    -3.34    4.16
 -62734.543    20.979    -4.68    3.86
 -62448.234    19.516    -5.11    2.58
 -62161.915    18.718    -2.79    2.10
 -61875.585    18.409    -1.08    1.75
 -61589.244    18.399    -0.04    1.66
 -61302.893    18.514     0.40    1.93
 -61016.530    19.022     1.77    2.71
 -60730.157    20.772     6.11    6.21
 -60443.773    26.208    18.98   15.19
 -60157.378    33.567    25.70   22.81
 -59870.972    42.185    30.09   28.19
 -59584.555    52.779    36.99   31.69
 -59298.128    64.178    39.80   33.01
 -59011.689    74.704    36.74   31.36
 -58725.240    83.565    30.93   28.97
 -58438.780    89.376    20.28   24.57
 -58152.309    93.965    16.02   19.15
 -57865.827    95.747     6.22   15.78
 -57579.335    93.342    -8.40   16.01
 -57292.831    87.321   -21.01   16.83
 -57006.317    81.118   -21.65   16.03
 -56719.792    74.952   -21.52   13.94
 -56433.256    69.664   -18.45   10.86
 -56146.709    65.640   -14.04    7.43
 -55860.151    62.308   -11.63    5.36
 -55573.583    60.319    -6.94    4.14
 -55287.003    58.700    -5.65    4.27
 -55000.413    57.963    -2.57    4.59
 -54713.812    57.090    -3.05    4.67
 -54427.200    55.618    -5.13    4.69
 -54140.577    54.372    -4.35    4.63
 -53853.943    52.645    -6.02    4.48
 -53567.299    51.387    -4.39    4.46
 -53280.643    50.329    -3.69    4.85
 -52993.977    49.450    -3.07    5.10
 -52707.299    48.719    -2.55    5.36
 -52420.611    48.012    -2.47    5.44
 -52133.912    46.745    -4.42    6.17
 -51847.202    44.278    -8.60    7.35
 -51560.481    42.313    -6.85    7.98
 -51273.750    39.403   -10.15    7.95
 -50987.007    36.884    -8.79    7.00
 -50700.254    34.924    -6.83    5.54
 -50413.489    33.257    -5.81    4.16
 -50126.714    31.767    -5.20    3.70
 -49839.928    31.032    -2.56    4.21
 -49553.131    30.156    -3.06    4.76
 -49266.323    28.965    -4.15    4.85
 -48979.504    27.961    -3.50    4.69
 -48692.675    27.326    -2.21    3.76
 -48405.834    26.035    -4.50    3.23
 -48118.982    24.922    -3.88    2.79
 -47832.120    23.303    -5.64    3.21
 -47545.247    21.813    -5.19    3.88
 -47258.362    20.862    -3.32    4.23
 -46971.467    20.243    -2.16    4.22
 -46684.561    20.259     0.06    4.36
 -46397.644    21.129     3.03    5.08
 -46110.716    23.121     6.94    6.86
 -45823.778    25.333     7.71    7.87
 -45536.828    27.538     7.68    7.94
 -45249.867    29.003     5.10    7.34
 -44962.896    29.265     0.91    6.94
 -44675.913    29.215    -0.17    6.71
 -44388.920    27.867    -4.70    6.71
 -44101.915    25.829    -7.10    6.30
 -43814.900    23.536    -7.99    5.22
 -43527.874    21.577    -6.83    5.08
 -43240.837    19.298    -7.94    5.06
 -42953.789    16.901    -8.35    4.46
 -42666.730    15.393    -5.25    4.14
 -42379.660    14.807    -2.04    4.43
 -42092.579    14.475    -1.16    4.36
 -41805.487    14.416    -0.21    4.07
 -41518.385    14.156    -0.91    4.07
 -41231.271    13.809    -1.21    4.30
 -40944.147    13.274    -1.86    4.23
 -40657.011    12.266    -3.51    3.50
 -40369.865    12.066    -0.70    3.59
 -40082.707    12.764     2.43    4.98
 -39795.539    14.506     6.06    5.89
 -39508.359    16.178     5.82    7.36
 -39221.169    18.047     6.51    7.63
 -38933.968    19.403     4.72    7.21
 -38646.756    19.606     0.71    7.22
 -38359.533    19.178    -1.49    6.32
 -38072.298    19.826     2.26    6.00
 -37785.053    21.779     6.80    6.79
 -37497.797    24.170     8.32    7.94
 -37210.530    26.857     9.35    8.92
 -36923.253    29.095     7.79    8.46
 -36635.964    31.414     8.07    7.69
 -36348.664    33.142     6.01    6.93
 -36061.353    34.394     4.36    6.54
 -35774.031    34.493     0.34    6.81
 -35486.698    34.022    -1.64    6.64
 -35199.355    33.794    -0.79    6.35
 -34912.000    33.991     0.69    5.77
 -34624.634    35.035     3.63    5.78
 -34337.257    36.625     5.54    4.82
 -34049.870    37.266     2.23    4.85
 -33762.471    38.644     4.79    5.60
 -33475.061    40.364     5.99    7.06
 -33187.641    41.915     5.40    7.24
 -32900.209    43.782     6.49    6.50
 -32612.767    45.491     5.94    5.70
 -32325.313    47.546     7.15    5.22
 -32037.849    49.022     5.14    5.08
 -31750.373    50.797     6.17    5.46
 -31462.886    52.782     6.90    6.12
 -31175.389    55.056     7.91    6.60
 -30887.880    58.148    10.75    6.50
 -30600.361    61.914    13.10    9.00
 -30312.830    67.331    18.84   12.09
 -30025.289    71.928    15.99   14.22
 -29737.736    77.668    19.96   17.51
 -29450.172    83.674    20.89   20.30
 -29162.598    91.098    25.82   24.87
 -28875.012   102.038    38.04   30.53
 -28587.416   114.892    44.69   37.15
 -28299.808   131.553    57.93   43.32
 -28012.717   149.770    63.46   48.63
 -27727.361   166.439    58.41   54.63
 -27441.996   188.457    77.16   57.55
 -27156.620   205.809    60.80   53.25
 -26871.235   223.743    62.84   51.49
 -26585.839   240.528    58.81   43.64
 -26300.433   258.228    62.02   42.94
 -26015.017   273.347    52.97   40.74
 -25729.591   282.604    32.43   40.44
 -25444.156   294.193    40.60   41.34
 -25158.710   301.655    26.14   32.78
 -24873.254   300.663    -3.47   30.54
 -24587.788   296.597   -14.24   34.94
 -24302.312   294.655    -6.80   43.77
 -24016.826   288.761   -20.65   55.00
 -23731.330   283.593   -18.10   66.55
 -23445.824   283.950     1.25   75.66
 -23160.307   281.977    -6.91   81.27
 -22874.781   269.304   -44.38   80.09
 -22589.245   251.639   -61.87   84.24
 -22303.698   224.876   -93.72   82.56
 -22018.142   207.441   -61.06   76.00
 -21732.576   191.693   -55.15   62.33
 -21446.999   190.012    -5.89   55.69
 -21161.413   192.896    10.10   60.24
 -20875.816   210.507    61.67   71.57
 -20590.209   232.622    77.43   73.66
 -20304.593   249.258    58.24   69.21
 -20018.966   262.096    44.94   62.32
 -19733.329   267.800    19.97   59.62
 -19447.682   258.009   -34.28   53.58
 -19162.025   243.089   -52.23   48.32
 -18876.358   225.373   -62.02   51.79
 -18590.681   207.057   -64.11   51.99
 -18304.994   190.634   -57.49   52.47
 -18019.296   174.222   -57.45   49.45
 -17733.589   159.521   -51.45   42.36
 -17447.872   146.078   -47.05   41.04
 -17162.144   135.788   -36.01   35.99
 -16876.407   130.607   -18.13   32.45
 -16590.659   120.975   -33.71   28.28
 -16304.901   111.193   -34.23   25.83
 -16019.134    98.952   -42.83   22.67
 -15733.356    88.435   -36.80   21.61
 -15447.568    79.056   -32.82   22.07
 -15161.770    68.229   -37.88   19.07
 -14875.961    62.244   -20.94   16.72
 -14590.143    57.054   -18.16   14.95
 -14304.315    56.286    -2.69   16.49
 -14018.477    57.372     3.80   18.60
 -13732.628    58.042     2.34   20.88
 -13446.769    57.961    -0.28   20.91
 -13160.901    57.310    -2.28   21.05
 -12875.022    52.671   -16.23   21.38
 -12589.133    45.385   -25.48   20.15
 -12303.234    37.106   -28.96   19.79
 -12017.325    28.994   -28.37   17.46
 -11731.406    23.511   -19.18   13.39
 -11445.477    18.531   -17.42   11.29
 -11159.537    14.551   -13.92    9.17
 -10873.588    12.300    -7.87    8.33
 -10587.628    11.937    -1.27    8.58
 -10301.659    12.148     0.74    8.35
 -10015.679    11.464    -2.39    8.19
  -9729.689    12.416     3.33    8.31
  -9443.689    14.631     7.74    8.62
  -9157.679    16.751     7.42    7.98
  -8871.658    17.625     3.06    7.29
  -8585.628    16.450    -4.11    7.80
  -8299.588    14.075    -8.30    9.26
  -8013.537    11.076   -10.48   10.66
  -7727.476     6.371   -16.45    9.92
  -7441.405     2.067   -15.05    8.15
  -7155.324    -1.020   -10.79    6.44
  -6869.233    -3.539    -8.80    4.43
  -6583.132    -4.667    -3.94    3.41
  -6297.021    -5.304    -2.23    3.03
  -6010.899    -6.138    -2.92    2.24
  -5724.768    -6.643    -1.76    1.91
  -5438.626    -7.257    -2.14    2.68
  -5152.474    -8.178    -3.22    3.62
  -4866.312    -9.613    -5.02    4.09
  -4580.140   -11.091    -5.17    3.80
  -4293.958   -12.321    -4.30    3.09
  -4007.765   -13.381    -3.70    2.23
  -3721.563   -13.918    -1.88    1.45
  -3435.350   -14.145    -0.80    1.20
  -3149.127   -14.101     0.16    1.15
  -2862.894   -14.114    -0.05    1.19
  -2576.651   -14.209    -0.33    1.19
  -2290.398   -14.233    -0.08    1.06
  -2004.134   -14.343    -0.39    1.04
  -1717.861   -14.267     0.27    1.26
  -1431.577   -13.391     3.06    3.07
  -1145.283   -11.407     6.93    5.79
   -858.979    -8.233    11.09    8.99
   -572.665    -6.025     7.71    9.60
   -286.340    -4.932     3.81    9.55
     -0.006    -4.454     1.67    9.72
    286.339    -5.117    -2.31    9.98
    572.694    -6.733    -5.65   10.33
    859.058    -7.438    -2.46   10.26
   1145.434    -4.937     8.73   14.49
   1431.819     3.050    27.89   23.75
   1718.214    20.757    61.83   37.43
   2004.620    43.696    80.09   50.60
   2291.036    75.507   111.07   64.63
   2577.462   121.350   160.05   82.82
   2863.898   169.430   167.85  103.65
   3150.344   227.826   203.86  120.08
   3436.801   291.439   222.07  122.25
   3723.267   347.893   197.07  106.94
   4009.744   392.835   156.88   79.47
   4296.231   414.541    75.77   53.95
   4582.729   419.114    15.96   40.25
   4869.236   403.446   -54.68   50.07
   5155.753   380.663   -79.52   61.54
   5442.281   354.963   -89.70   64.79
   5728.819   327.991   -94.13   63.14
   6015.367   302.574   -88.70   52.98
   6301.926   288.274   -49.90   44.32
   6588.494   283.626   -16.22   41.76
   6875.073   276.221   -25.84   43.56
   7161.662   272.655   -12.44   44.38
   7448.261   261.667   -38.34   52.26
   7734.870   245.788   -55.40   65.52
   8021.489   220.364   -88.70   79.43
   8308.119   182.771  -131.15   83.31
   8594.759   143.513  -136.96   75.57
   8881.409   110.765  -114.24   63.02
   9168.069    83.300   -95.81   49.20
   9454.740    59.864   -81.75   30.72
   9741.420    45.129   -51.40   20.51
  10028.111    37.619   -26.19   15.05
  10314.812    34.318   -11.52   11.86
  10601.524    39.611    18.46   21.95
  10888.245    52.043    43.36   34.62
  11174.977    68.186    56.30   45.03
  11461.719    91.319    80.68   53.54
  11748.471   115.620    84.75   55.88
  12035.233   142.021    92.07   55.26
  12322.006   162.487    71.36   54.76
  12608.789   177.679    52.97   53.15
  12895.582   190.316    44.06   49.57
  13182.385   199.096    30.61   45.70
  13469.198   200.760     5.80   43.31
  13756.022   204.618    13.45   40.24
  14042.856   209.413    16.72   41.64
  14329.700   220.591    38.97   46.30
  14616.554   236.340    54.90   54.51
  14903.419   246.590    35.73   56.61
  15190.294   256.192    33.47   54.30
  15477.179   262.050    20.42   55.20
  15764.074   259.548    -8.72   56.97
  16050.980   251.600   -27.70   56.41
  16337.895   238.250   -46.53   54.89
  16624.821   224.394   -48.29   45.06
  16911.758   219.149   -18.28   41.33
  17198.704   212.847   -21.96   37.70
  17485.661   211.857    -3.45   33.64
  17772.628   217.765    20.59   33.11
  18059.605   228.659    37.96   37.01
  18346.592   248.682    69.77   48.27
  18633.590   275.071    91.95   61.28
  18920.598   307.469   112.88   70.77
  19207.616   348.536   143.08   71.75
  19494.645   382.457   118.18   66.32
  19781.683   410.722    98.47   52.42
  20068.732   430.852    70.13   34.78
  20355.792   438.689    27.30   22.98
  20642.861   437.412    -4.45   22.76
  20929.941   428.536   -30.92   29.44
  21217.031   415.847   -44.20   30.02
  21504.131   400.143   -54.70   30.70
  21791.242   391.910   -28.67   28.06
  22078.362   380.543   -39.59   31.31
  22365.493   370.893   -33.61   31.84
  22652.635   362.357   -29.73   30.63
  22939.786   351.135   -39.08   31.59
  23226.948   337.193   -48.55   34.37
  23514.120   321.121   -55.96   39.30
  23801.303   299.857   -74.04   44.43
  24088.495   278.013   -76.06   46.14
  24375.698   256.643   -74.41   43.33
  24662.911   233.993   -78.86   39.22
  24950.135   215.721   -63.61   33.55
  25237.369   202.112   -47.38   26.79
  25524.613   197.032   -17.69   26.92
  25811.867   199.893     9.96   37.30
  26099.132   206.812    24.09   46.11
  26386.407   211.296    15.61   49.45
  26673.692   217.329    21.00   49.97
  26960.987   221.141    13.27   46.62
  27248.293   223.545     8.37   43.41
  27535.609   223.913     1.28   36.47
  27822.936   224.413     1.74   30.14
  28110.272   229.979    19.37   28.59
  28397.619   240.409    36.30   30.19
  28684.976   255.686    53.16   33.46
  28972.344   272.685    59.16   35.94
  29259.722   289.516    58.57   36.77
  29547.110   306.786    60.09   34.44
  29834.508   322.481    54.61   32.49
  30121.917   336.536    48.90   28.32
  30409.336   346.707    35.39   23.04
  30696.766   353.970    25.27   17.97
  30984.205   356.164     7.63   16.15
  31271.655   357.312     3.99   14.53
  31559.116   354.591    -9.46   19.21
  31846.586   350.743   -13.39   23.37
  32134.067   346.467   -14.88   25.62
  32421.558   339.380   -24.65   27.91
  32709.060   332.548   -23.76   25.64
  32996.572   329.463   -10.73   25.49
  33284.094   326.646    -9.80   28.09
  33571.627   327.618     3.38   34.80
  33858.558   326.893    -2.53   42.82
  34143.982   325.560    -4.67   45.09
  34429.416   326.289     2.55   46.31
  34714.859   317.214   -31.79   51.50
  35000.311   302.245   -52.44   41.76
  35285.773   294.171   -28.28   36.11
  35571.244   291.042   -10.96   30.74
  35856.725   290.364    -2.37   27.67
  36142.215   296.106    20.11   29.73
  36427.714   302.171    21.24   31.17
  36713.223   311.426    32.42   31.25
  36998.741   323.912    43.73   26.83
  37284.268   335.104    39.20   18.91
  37569.805   341.644    22.91   15.33
  37855.351   347.322    19.88   16.07
  38140.907   351.570    14.88   17.90
  38426.472   356.757    18.16   22.12
  38712.046   356.950     0.68   27.67
  38997.630   351.039   -20.70   32.62
  39283.223   343.939   -24.86   40.68
  39568.825   330.536   -46.93   46.57
  39854.437   310.119   -71.49   49.14
  40140.058   285.335   -86.77   46.90
  40425.689   264.689   -72.28   42.88
  40711.329   248.489   -56.72   33.05
  40996.978   241.529   -24.37   28.65
  41282.637   246.282    16.64   35.24
  41568.305   259.501    46.28   45.89
  41853.983   280.286    72.75   54.36
  42139.670   313.163   115.08   63.54
  42425.366   348.764   124.61   65.91
  42711.072   382.726   118.87   65.68
  42996.787   413.273   106.92   60.99
  43282.512   431.493    63.77   48.54
  43568.246   434.889    11.89   45.35
  43853.989   424.770   -35.41   59.07
  44139.742   396.963   -97.32   80.91
  44425.504   353.887  -150.74   99.18
  44711.276   305.564  -169.10  101.25
  44997.057   257.364  -168.66   90.71
  45282.847   225.974  -109.84   77.89
  45568.647   200.279   -89.91   59.71
  45854.456   182.900   -60.81   43.14
  46140.275   166.266   -58.20   33.68
  46426.103   155.050   -39.24   27.77
  46711.941   155.112     0.22   28.54
  46997.787   159.118    14.02   35.14
  47283.644   167.251    28.45   48.70
  47569.509   183.648    57.36   62.76
  47855.385   208.580    87.21   73.12
  48141.269   234.711    91.41   73.47
  48427.163   259.178    85.58   67.78
  48713.067   271.500    43.10   66.66
  48998.979   274.494    10.47   70.59
  49284.902   269.128   -18.77   77.50
  49570.833   251.807   -60.58   89.69
  49856.774   230.775   -73.56   92.67
  50142.725   214.879   -55.59   90.38
  50428.685   195.634   -67.30   85.93
  50714.654   185.788   -34.43   78.06
  51000.633   182.971    -9.85   75.75
  51286.622   186.959    13.94   78.40
  51572.619   195.803    30.92   81.99
  51858.626   207.200    39.85   84.91
  52144.643   220.507    46.52   86.97
  52430.669   229.319    30.81   85.75
  52716.704   222.614   -23.44   87.50
  53002.749   212.626   -34.92   89.02
  53288.804   204.294   -29.13   87.73
  53574.867   186.135   -63.48   89.83
  53860.941   161.770   -85.17   86.79
  54147.023   138.425   -81.61   77.40
  54433.115   115.047   -81.72   58.76
  54719.217   100.281   -51.61   46.38
  55005.328    88.006   -42.91   33.51
  55291.448    78.972   -31.57   20.39
  55577.578    73.141   -20.38    6.82
  55863.718    72.711    -1.50    6.18
  56149.867    72.585    -0.44    5.97
  56436.025    72.830     0.86    5.44
  56722.193    73.136     1.07    4.42
  57008.370    73.243     0.38    3.52
  57294.556    73.475     0.81    3.15
  57580.753    74.236     2.66    3.77
  57866.958    75.970     6.06    5.06
  58153.173    78.665     9.41    7.62
  58439.398    83.060    15.36   11.28
  58725.632    90.185    24.89   16.45
  59011.875    99.514    32.59   24.20
  59298.128   115.260    55.01   36.97
  59584.390   137.908    79.12   51.76
  59870.662   166.250    99.00   64.28
  60156.943   196.916   107.12   66.23
  60443.234   223.094    91.44   62.13
  60729.534   249.674    92.84   55.96
  61015.844   273.381    82.80   53.18
  61302.163   293.421    69.99   53.48
  61588.492   319.333    90.50   54.05
  61874.830   336.304    59.27   55.51
  62161.178   350.594    49.91   52.80
  62447.535   367.823    60.17   45.92
  62733.902   377.007    32.07   42.35
  63020.278   383.966    24.30   39.33
  63306.663   385.060     3.82   38.42
  63593.058   376.027   -31.54   45.40
  63879.463   359.791   -56.69   55.88
  64165.877   341.504   -63.85   59.13
  64452.300   331.401   -35.27   55.67
  64738.733   333.933     8.84   53.97
  65025.176   339.777    20.40   57.57
  65311.628   354.200    50.35   59.23
  65598.089   376.074    76.36   58.35
  65884.560   393.850    62.05   49.59
  66171.041   406.157    42.96   44.95
  66457.531   418.018    41.40   46.23
  66744.030   426.686    30.26   48.46
  67030.539   439.736    45.55   48.22
  67317.057   447.793    28.12   42.57
  67603.585   448.236     1.55   39.79
  67890.123   446.553    -5.87   41.65
  68176.670   436.747   -34.22   49.14
  68463.226   421.941   -51.67   55.16
  68749.792   412.341   -33.50   54.62
  69036.368   406.983   -18.70   53.97
  69322.953   404.367    -9.13   56.28
  69609.547   403.443    -3.22   55.05
  69896.151   406.632    11.13   53.91
  70182.765   412.171    19.33   49.14
  70469.388   407.309   -16.96   48.79
  70756.021   398.938   -29.21   50.12
  71042.663   381.913   -59.39   49.08
  71329.314   367.179   -51.40   49.76
  71615.975   354.257   -45.08   49.08
  71902.646   336.455   -62.10   41.54
  72189.326   323.921   -43.72   34.39
  72476.016   318.471   -19.01   30.37
  72762.715   318.282    -0.66   29.07
  73049.424   320.725     8.52   31.56
  73336.142   318.700    -7.06   31.70
  73622.870   314.289   -15.38   31.75
  73909.607   314.823     1.86   33.03
  74196.354   311.006   -13.31   35.60
  74483.110   303.468   -26.29   37.60
  74769.876   289.819   -47.60   41.39
  75056.652   277.740   -42.12   43.80
  75343.437   266.941   -37.65   43.58
  75630.231   255.268   -40.70   41.41
