# NaN NaN NaN ;Mean Elev.(m), Avg Gradient(m/km), RMS Gradient(m/km) - SRTM1     
#    7.570  -1.128   3.196 ;Mean Elev.(m), Avg Gradient(m/km), RMS Gradient(m/km) - ASTER GDEM
#   44.618   0.107   4.025 ;Mean Elev.(m), Avg Gradient(m/km), RMS Gradient(m/km) - GMTED2010 
   1 150.785502  66.144192    24.931    24.953  3 54666.12140952 43.265
   2 150.784046  66.145251    24.115    24.115  2 54676.03705399 34.117
   6 150.785962  66.144719    30.919    32.704  3 54715.69963062 23.921
   8 150.790189  66.141777    25.419    25.393  5 54735.53092905 54.238
   9 150.787453  66.143325    72.010    71.935  4 54745.44657597 26.472
  10 150.782397  66.144911    23.238    23.343  3 54755.36222224 49.272
  11 150.782459  66.144712    22.805    22.830  3 54765.27786767 48.029
  12 150.791046  66.142635    22.440    22.433  5 54775.19351097 43.262
  13 150.792949  66.140709    22.444    22.513  6 54785.10915116 40.117
  14 150.795843  66.140855    30.723    30.988  6 54795.02478986 30.324
  15 150.790768  66.142993    30.280    30.223  4 54804.94042712 28.887
  16 150.784873  66.144895    29.351    29.227  3 54814.85606379 28.141
  17 150.781352  66.145372    30.914    31.102  3 54824.77170920 23.160
  18 150.784221  66.144496    31.627    31.506  3 54834.68734919 23.181
  19 150.786930  66.144340    31.200    31.752  3 54844.60299927 22.660
  20 150.781939  66.145232    31.453    31.613  3 54854.51864779 22.590
  24 150.785651  66.144048    32.203    32.666  3 54894.18123393 20.423
  25 150.791295  66.141947    31.937    32.053  6 54904.09687429 21.875
  26 150.791380  66.141709    32.230    32.070  5 54914.01251298 20.087
  27 150.787895  66.143027    32.221    32.310  5 54923.92815074 19.719
  28 150.784363  66.144378    31.645    31.063  3 54933.84378772 19.761
  29 150.786086  66.144285    32.243    32.619  3 54943.75942324 18.471
  30 150.790712  66.142627    28.717    27.845  5 54953.67505691  9.673
  31 150.791396  66.140860    24.407    24.439  6 54963.59070171 34.539
  32 150.793544  66.140954    28.187    28.206  6 54973.50635032 48.294
  33 150.790967  66.142740    28.612    27.430  5 54983.42199777 37.234
  35 150.781611  66.145534    25.522    25.522  2 55003.25329082 55.466
  36 150.780300  66.145266    26.986    26.986  2 55013.16893516 32.430
  37 150.785425  66.144775    31.826    32.845  3 55023.08457869 24.234
  38 150.781755  66.145321    26.557    25.057  3 55033.00022069 34.197
  42 150.786577  66.143546    24.761    24.711  4 55072.66278492 37.858
  43 150.793692  66.141884    30.355    30.340  5 55082.57843391 51.242
  44 150.799708  66.141847    25.326    25.347  3 55092.49408122 56.245
  45 150.789674  66.142871    23.679    23.708  5 55102.40972679 52.023
  46 150.787468  66.144031    23.414    23.447  3 55112.32537274 47.648
  47 150.787479  66.143859    23.645    23.654  3 55122.24101659 41.757
  48 150.789474  66.142551    23.085    23.073  5 55132.15665773 38.645
  49 150.792953  66.141204    29.359    29.015  5 55142.07229697 21.389
  50 150.791582  66.141382    30.480    29.661  5 55151.98793516 18.485
  51 150.790505  66.142902    30.682    30.424  4 55161.90357362 18.229
  52 150.782695  66.144562    30.991    30.403  3 55171.81921109 18.646
  53 150.782513  66.145375    30.458    30.458  2 55181.73484768 17.546
  54 150.783882  66.145261    29.607    29.607  2 55191.65049765 21.281
  55 150.780283  66.145370    30.709    30.709  2 55201.56614748 19.165
  56 150.778423  66.145837    31.204    31.204  2 55211.48179683 18.405
  59 150.784581  66.144341    30.777    30.919  4 55241.22873903 18.264
  60 150.790039  66.142811    31.971    31.710  5 55251.14438069 17.873
  61 150.794116  66.142014    31.931    31.632  5 55261.06001995 17.517
  62 150.791096  66.142360    32.302    32.211  4 55270.97565771 18.442
  63 150.787819  66.143037    31.785    31.347  4 55280.89129538 17.373
  64 150.787045  66.143296    31.374    31.270  4 55290.80693206 16.757
  65 150.788401  66.142862    31.803    31.524  5 55300.72256663 16.737
  66 150.792915  66.141965    31.827    31.664  5 55310.63821340 16.146
  67 150.793565  66.141548    27.902    27.799  5 55320.55385904 12.335
  68 150.790496  66.142108    24.682    23.986  5 55330.46950325 37.809
  69 150.790050  66.143451    30.389    30.387  4 55340.38514759 55.133
  70 150.785303  66.144495    27.999    27.928  4 55350.30079131 48.631
  71 150.783400  66.145006    31.814    32.748  3 55360.21643319 23.000
  72 150.784304  66.145197    24.761    24.761  2 55370.13207315 56.007
  76 150.783420  66.145045    31.816    32.759  3 55409.79463315 24.011
  77 150.789481  66.143142    24.970    24.970  4 55419.71028411 55.719
  78 150.790568  66.141793    24.708    24.736  5 55429.62593135 56.609
  79 150.793048  66.142010    28.326    28.383  5 55439.54157619 50.087
  80 150.790115  66.143103    33.018    33.074  5 55449.45721909 23.345
  81 150.787253  66.143692    29.456    29.509  4 55459.37286161 31.212
  82 150.788635  66.143232    28.296    27.523  4 55469.28850367 36.855
  83 150.788848  66.142092    32.716    32.704  5 55479.20414243 30.122
  84 150.793746  66.141433    23.124    23.077  6 55489.11977878 50.038
  85 150.791527  66.141761    22.761    22.742  5 55499.03541222 40.683
  86 150.789924  66.143117    23.232    23.192  4 55508.95105182 34.448
  87 150.787808  66.144261    23.260    23.296  3 55518.86670172 33.363
  88 150.783427  66.144855    26.536    27.935  3 55528.78235049 31.536
  89 150.785850  66.144890    27.903    28.201  3 55538.69799804 28.284
  90 150.784476  66.144987    28.075    28.075  2 55548.61364299 25.316
  91 150.779169  66.145597    30.354    30.354  2 55558.52928583 26.067
  94 150.783469  66.144583    26.372    27.692  3 55588.27620959 25.805
  95 150.789144  66.142209    28.351    28.129  5 55598.19184635 24.490
  96 150.794026  66.141005    31.391    31.405  6 55608.10748041 22.750
  97 150.792834  66.141607    30.859    30.870  6 55618.02311203 22.952
  98 150.787639  66.143467    29.713    29.721  4 55627.93875779 23.115
  99 150.786336  66.144224    31.394    30.782  3 55637.85440902 22.863
 100 150.787889  66.143334    32.490    32.545  5 55647.77005844 20.429
 101 150.791233  66.141493    31.988    31.988  5 55657.68570509 21.661
 102 150.791829  66.140684    29.614    28.825  6 55667.60134734 14.258
 103 150.791043  66.141725    28.473    28.518  5 55677.51698677  9.269
 104 150.786545  66.143780    23.434    23.428  4 55687.43262395 29.889
 105 150.782747  66.145259    24.582    24.582  2 55697.34825995 25.139
 106 150.781582  66.145310    27.600    27.600  2 55707.26389483 35.840
 107 150.786200  66.144632    31.559    31.588  3 55717.17954643 38.112
 108 150.785897  66.144503    31.434    31.431  3 55727.09519496 35.794
 109 150.782007  66.145336    31.971    32.860  3 55737.01084148 28.135
 112 150.784579  66.144338    27.434    26.851  4 55766.75777192 33.110
 113 150.790904  66.141867    30.871    30.742  5 55776.67341052 23.957
 114 150.794066  66.140563    25.942    26.139  6 55786.58904610 33.610
 115 150.793292  66.141648    28.499    28.496  5 55796.50467958 54.787
 116 150.789491  66.143596    26.925    26.935  4 55806.42032050 38.076
 117 150.783399  66.144662    32.094    32.764  3 55816.33596903 25.456
 118 150.785478  66.143549    27.208    27.169  4 55826.25161523 38.079
 119 150.790002  66.141719    32.745    32.909  5 55836.16725723 29.544
 120 150.794792  66.140654    23.847    23.854  6 55846.08289593 49.642
 121 150.792441  66.141920    22.779    22.764  6 55855.99853137 48.324
 122 150.784785  66.144230    22.795    22.751  3 55865.91417267 37.734
 125 150.784455  66.145229    26.667    26.667  2 55895.66111300 27.496
 126 150.786143  66.144490    27.803    26.451  3 55905.57674884 25.670
 127 150.783892  66.144965    29.649    29.649  2 55915.49239124 21.926
 130 150.785557  66.144274    30.751    31.076  4 55945.23934123 19.069
 131 150.794133  66.141793    32.370    32.113  5 55955.15498329 18.788
 132 150.793460  66.140465    31.109    30.879  6 55965.07062179 19.083
 133 150.790545  66.141507    31.442    31.476  5 55974.98625877 18.451
 134 150.784848  66.143671    31.021    31.250  4 55984.90189453 18.814
 135 150.784030  66.144801    31.225    31.384  3 55994.81752823 18.483
 136 150.786516  66.143789    31.238    31.276  3 56004.73318070 18.237
 137 150.790499  66.141675    31.539    31.474  5 56014.64882943 17.919
 138 150.793377  66.140839    31.127    31.683  6 56024.56447497 17.660
 139 150.793292  66.142302    32.154    31.832  5 56034.48011815 15.038
 140 150.784510  66.144762    28.946    27.095  3 56044.39575845 17.217
 143 150.781386  66.145251    30.157    30.164  3 56074.14267465 33.273
 144 150.785628  66.144706    32.507    33.026  3 56084.05832478 23.520
 145 150.783378  66.144898    31.925    32.925  3 56093.97397195 24.117
 146 150.781384  66.145503    25.532    25.532  2 56103.88961698 55.192
 147 150.783986  66.145122    24.710    24.710  2 56113.80524793 56.747
 148 150.787352  66.143915    25.432    24.887  4 56123.72088676 36.213
 149 150.791178  66.142093    24.061    23.996  5 56133.63652167 47.289
 150 150.793646  66.141261    29.211    30.478  6 56143.55216078 31.695
 151 150.792253  66.141901    25.404    25.272  6 56153.46781114 41.218
 152 150.790957  66.143456    32.283    32.770  4 56163.38346014 26.107
 153 150.786302  66.144416    28.731    28.297  3 56173.29910679 31.498
 154 150.786465  66.143970    25.925    25.935  3 56183.21474885 48.260
 155 150.792705  66.142615    33.104    33.194  5 56193.13038772 24.908
 156 150.794043  66.141866    32.151    32.196  5 56203.04602341 25.657
 157 150.789405  66.142860    23.078    23.029  4 56212.96165685 53.278
 158 150.782628  66.144970    22.467    22.436  3 56222.87728840 45.071
 162 150.782599  66.145000    29.412    28.908  3 56262.53988812 25.724
 163 150.782525  66.144923    30.407    30.620  3 56272.45552938 24.599
 164 150.784677  66.145045    29.944    29.755  3 56282.37117171 20.447
 165 150.784444  66.144649    31.051    30.814  3 56292.28682362 19.968
 166 150.788337  66.143372    31.629    31.720  4 56302.20247144 19.616
 167 150.791608  66.142072    31.547    31.223  6 56312.11811500 19.727
 168 150.791368  66.141808    31.286    31.254  5 56322.03375607 19.086
 169 150.789927  66.142733    31.480    31.623  5 56331.94939646 18.729
 170 150.786901  66.143709    32.461    32.723  4 56341.86503626 18.138
 171 150.787519  66.144022    32.804    32.782  4 56351.78067410 17.792
 172 150.788445  66.143332    32.159    32.581  5 56361.69631417 17.836
 173 150.791616  66.142668    32.207    32.891  5 56371.61196386 15.911
 174 150.788412  66.142943    31.282    31.284  4 56381.52761032 16.348
 175 150.784956  66.144335    31.810    31.336  3 56391.44325461 15.551
 176 150.779687  66.145653    29.147    29.147  2 56401.35889711 11.210
 180 150.778560  66.145488    32.511    32.511  2 56441.02146423 28.564
 181 150.779502  66.145448    31.315    31.315  2 56450.93711473 30.366
 182 150.784117  66.144943    27.902    27.920  3 56460.85276327 52.964
 183 150.788647  66.143764    28.288    28.281  4 56470.76840848 37.545
 184 150.788892  66.142685    26.204    26.202  5 56480.68404964 52.922
 185 150.793406  66.142310    25.048    25.093  5 56490.59968728 34.286
 186 150.790226  66.142774    29.535    28.600  5 56500.51532170 27.525
 187 150.789077  66.143541    27.116    27.168  4 56510.43095490 54.768
 188 150.788601  66.143914    28.323    28.308  4 56520.34659827 53.816
 189 150.789590  66.143701    31.414    30.804  4 56530.26225178 28.936
 190 150.788359  66.143211    32.139    32.005  4 56540.17790117 24.548
 191 150.788671  66.143093    26.426    26.157  5 56550.09354638 37.468
 192 150.785039  66.143979    25.728    25.723  4 56560.00918892 49.217
 193 150.780487  66.145332    24.175    24.175  2 56569.92483037 56.375
 196 150.781385  66.145668    23.118    23.118  2 56599.67175318 36.465
 197 150.783411  66.145030    30.678    30.678  2 56609.58740397 27.085
 198 150.782499  66.145397    29.568    29.568  2 56619.50304966 25.486
 200 150.779855  66.145271    31.484    31.484  2 56639.33433137 22.936
 201 150.787242  66.143541    31.803    31.701  4 56649.24997709 22.866
 202 150.790039  66.141819    31.251    31.375  5 56659.16562856 22.789
 203 150.792486  66.141590    31.418    31.399  6 56669.08127609 22.174
 204 150.789986  66.143132    31.295    31.425  4 56678.99692081 22.200
 205 150.785570  66.144680    30.850    30.701  3 56688.91256383 20.298
 206 150.782388  66.144782    31.302    31.259  3 56698.82820436 19.967
 207 150.786456  66.143574    31.164    31.172  4 56708.74384090 20.331
 208 150.788533  66.142531    31.401    31.456  5 56718.65947995 19.281
 210 150.784148  66.144847    31.896    31.896  2 56738.49078062 18.401
 214 150.783229  66.145057    31.333    31.333  2 56778.15334622 12.405
 215 150.786393  66.144741    32.075    32.148  3 56788.06900246 14.153
 216 150.782332  66.145309    24.774    23.550  3 56797.98465453 27.004
 219 150.785340  66.143682    30.136    30.136  4 56827.73157995 54.751
 221 150.790452  66.141635    28.020    28.016  5 56847.56284580 53.205
 222 150.788359  66.143132    26.461    26.445  4 56857.47849775 53.416
 223 150.783816  66.145016    28.534    28.534  2 56867.39415077 53.600
 224 150.783875  66.145359    28.803    28.803  2 56877.30980257 53.992
 225 150.785736  66.144357    32.148    32.684  4 56887.22545137 24.883
 226 150.788114  66.142993    32.171    32.760  4 56897.14109751 23.674
 227 150.786525  66.143246    31.656    32.807  4 56907.05674053 24.817
 228 150.783105  66.145185    30.800    29.985  3 56916.97238124 26.927
 232 150.785248  66.144791    27.775    27.829  3 56956.63494014 30.010
 233 150.786346  66.143881    31.104    31.023  3 56966.55058900 20.616
 234 150.785915  66.144698    30.342    30.153  3 56976.46623351 17.330
 235 150.779424  66.145866    30.336    30.336  2 56986.38187296 17.723
 236 150.781412  66.145621    30.347    30.347  2 56996.29750748 17.870
 237 150.789361  66.143712    31.363    30.914  4 57006.21315226 18.088
 238 150.792548  66.141626    31.484    31.540  6 57016.12880702 18.406
 239 150.791801  66.141330    31.590    31.520  6 57026.04445748 18.144
 240 150.787307  66.143235    30.497    30.581  4 57035.96010559 18.170
 241 150.783654  66.145187    30.395    30.628  3 57045.87575119 18.111
 243 150.786312  66.144371    30.716    31.172  3 57065.70703150 17.882
 244 150.787312  66.143337    31.315    31.231  4 57075.62266450 18.083
 245 150.787685  66.143635    31.374    31.220  4 57085.53829434 17.359
 246 150.779845  66.145638    30.662    30.662  2 57095.45394969 17.292
 250 150.786086  66.144822    31.540    31.225  3 57135.11654452 15.791
 251 150.786650  66.143904    30.748    30.717  3 57145.03218060 12.084
 252 150.784189  66.144391    27.769    27.689  3 57154.94781393 10.078
 253 150.780547  66.145196    23.455    23.455  2 57164.86345250 37.617
 254 150.779858  66.145313    28.891    28.891  2 57174.77910915 45.140
 255 150.788269  66.144011    29.625    29.576  4 57184.69476306 35.970
 256 150.794339  66.142312    28.445    27.281  5 57194.61041276 37.898
 257 150.789782  66.141800    26.958    26.864  5 57204.52604775 42.567
 258 150.788791  66.143151    24.720    24.719  4 57214.44169309 46.679
 259 150.782918  66.144981    24.477    24.399  3 57224.35733643 47.891
 261 150.782838  66.145163    31.789    32.442  3 57244.18861728 27.128
 262 150.786163  66.144148    32.243    32.708  4 57254.10425388 22.593
 263 150.786772  66.144389    31.893    32.748  3 57264.01988884 23.635
 268 150.783709  66.144605    22.903    22.702  3 57313.59813773 44.965
 269 150.785853  66.143907    22.751    22.690  3 57323.51378185 37.198
 270 150.786978  66.144240    30.148    29.845  4 57333.42942392 26.549
 271 150.783539  66.144900    29.624    29.624  2 57343.34506361 24.062
 272 150.786711  66.144637    28.371    28.512  3 57353.26071685 25.225
 273 150.788895  66.143645    30.256    30.140  4 57363.17636112 23.346
 274 150.792672  66.142429    32.102    32.252  5 57373.09200220 22.510
 275 150.793743  66.142440    32.281    32.210  5 57383.00764122 21.544
 276 150.787261  66.143402    31.681    31.544  4 57392.92327913 22.246
 277 150.785737  66.144681    31.840    32.108  3 57402.83891656 19.012
 278 150.782650  66.145179    31.715    31.528  3 57412.75456034 19.107
 279 150.783750  66.144971    31.395    31.395  2 57422.67021213 19.105
 280 150.786344  66.144892    31.934    31.855  3 57432.58586129 18.661
 281 150.781502  66.145475    30.961    30.961  2 57442.50150794 17.803
 285 150.781283  66.145440    31.309    31.309  2 57482.16407757 17.187
 286 150.783134  66.144347    32.291    32.683  3 57492.07971204 16.738
 287 150.784995  66.144203    32.465    32.483  4 57501.99534445 16.236
 288 150.785869  66.144407    32.682    32.738  4 57511.91099418 17.641
 289 150.785481  66.144419    23.041    22.998  3 57521.82664942 32.841
 290 150.785641  66.143867    28.820    28.817  4 57531.74230229 56.642
 291 150.789670  66.143093    27.845    27.307  4 57541.65795220 35.631
 292 150.790234  66.142700    25.130    25.046  5 57551.57359893 50.123
 293 150.789415  66.143146    30.595    30.616  5 57561.48924410 26.874
 294 150.787284  66.144108    24.754    24.741  4 57571.40488871 52.220
 295 150.784183  66.144769    32.295    32.934  3 57581.32053313 24.006
 296 150.784878  66.144944    25.134    24.999  3 57591.23617612 39.387
 297 150.784148  66.144891    31.974    32.713  3 57601.15181627 24.548
