# NaN NaN NaN ;Mean Elev.(m), Avg Gradient(m/km), RMS Gradient(m/km) - SRTM1     
#   -1.793  -0.408   3.186 ;Mean Elev.(m), Avg Gradient(m/km), RMS Gradient(m/km) - ASTER GDEM
#   44.010   0.089   4.018 ;Mean Elev.(m), Avg Gradient(m/km), RMS Gradient(m/km) - GMTED2010 
   1    24.593 54666.12140598 44.16 150.746593  66.143953 29.532 -100.00 -100.00 -100.00
   1    24.545 54666.12140657 46.33 150.753078  66.143994 22.203 -100.00 -100.00 -100.00
   1    24.605 54666.12140716 39.42 150.759562  66.144034  0.715 -100.00 -100.00 -100.00
   2    29.320 54676.03705015 35.76 150.741893  66.144990   -100 -100.00 -100.00 -100.00
   2    23.789 54676.03705074 30.13 150.748378  66.145031 26.432 -100.00 -100.00 -100.00
   2    23.522 54676.03705133 34.32 150.754863  66.145072   -100 -100.00 -100.00 -100.00
   2    23.480 54676.03705192 29.91 150.761348  66.145112 31.824 -100.00 -100.00 -100.00
   6    31.026 54715.69962708 27.20 150.747056  66.144479 21.522 -100.00 -100.00 -100.00
   6    29.208 54715.69962767 24.98 150.753540  66.144520 17.680 -100.00 -100.00 -100.00
   6    29.210 54715.69962826 24.86 150.760024  66.144561 15.243 -100.00 -100.00 -100.00
   8    25.133 54735.53092492 34.44 150.744804  66.141500   -100 -100.00 -100.00 -100.00
   8    25.283 54735.53092551 32.47 150.751287  66.141540   -100 -100.00 -100.00 -100.00
   8    25.512 54735.53092610 37.78 150.757771  66.141580   -100 -100.00 -100.00 -100.00
   9    68.828 54745.44657213 13.99 150.745305  66.143068   -100 -100.00 -100.00 -100.00
   9    71.051 54745.44657272  2.50 150.751789  66.143108   -100 -100.00 -100.00 -100.00
  10    23.578 54755.36221870 41.75 150.743488  66.144673 27.360 -100.00 -100.00 -100.00
  10    23.393 54755.36221929 44.88 150.749973  66.144714   -100 -100.00 -100.00 -100.00
  10    23.297 54755.36221988 47.85 150.756458  66.144754   -100 -100.00 -100.00 -100.00
  11    23.301 54765.27786413 40.68 150.743549  66.144474 23.697 -100.00 -100.00 -100.00
  11    23.323 54765.27786472 42.75 150.750034  66.144515 24.810 -100.00 -100.00 -100.00
  11    22.998 54765.27786531 47.80 150.756519  66.144555   -100 -100.00 -100.00 -100.00
  12    22.525 54775.19350684 39.91 150.745652  66.142358 30.706 -100.00 -100.00 -100.00
  12    22.429 54775.19350743 39.85 150.752137  66.142399 28.300 -100.00 -100.00 -100.00
  12    22.395 54775.19350802 40.92 150.758622  66.142439 31.550 -100.00 -100.00 -100.00
  13    22.572 54785.10914673 36.57 150.744315  66.140413 22.627 -100.00 -100.00 -100.00
  13    22.561 54785.10914732 37.32 150.750800  66.140453 24.310 -100.00 -100.00 -100.00
  15    30.241 54804.94042269 29.73 150.742131  66.142695  9.915 -100.00 -100.00 -100.00
  15    30.376 54804.94042328 29.39 150.748616  66.142736  8.658 -100.00 -100.00 -100.00
  15    30.064 54804.94042387 29.80 150.755101  66.142776  9.541 -100.00 -100.00 -100.00
  16    30.389 54814.85606025 29.95 150.745961  66.144655 11.661 -100.00 -100.00 -100.00
  16    30.366 54814.85606084 28.41 150.752446  66.144695  8.221 -100.00 -100.00 -100.00
  16    30.157 54814.85606143 28.87 150.758932  66.144736  9.798 -100.00 -100.00 -100.00
  17    30.355 54824.77170566 23.86 150.742441  66.145131  5.846 -100.00 -100.00 -100.00
  17    30.451 54824.77170625 23.97 150.748926  66.145172  5.347 -100.00 -100.00 -100.00
  17    30.322 54824.77170684 23.80 150.755411  66.145212  5.495 -100.00 -100.00 -100.00
  18    30.318 54834.68734565 24.95 150.745312  66.144257  7.312 -100.00 -100.00 -100.00
  18    30.188 54834.68734624 24.16 150.751797  66.144298  6.979 -100.00 -100.00 -100.00
  18    30.198 54834.68734683 23.74 150.758282  66.144338  5.619 -100.00 -100.00 -100.00
  19    30.180 54844.60299513 23.49 150.741537  66.144062  6.260 -100.00 -100.00 -100.00
  19    30.318 54844.60299572 24.16 150.748022  66.144102  6.521 -100.00 -100.00 -100.00
  19    30.083 54844.60299631 23.54 150.754506  66.144143  5.670 -100.00 -100.00 -100.00
  19    29.921 54844.60299690 23.61 150.760991  66.144183  5.535 -100.00 -100.00 -100.00
  20    30.269 54854.51864425 22.77 150.743030  66.144993  6.007 -100.00 -100.00 -100.00
  20    30.186 54854.51864484 23.25 150.749515  66.145034  6.590 -100.00 -100.00 -100.00
  20    30.269 54854.51864543 22.81 150.755999  66.145074  5.095 -100.00 -100.00 -100.00
  23    30.025 54884.26558844 21.28 150.753068  66.146334  5.345 -100.00 -100.00 -100.00
  23    29.953 54884.26558903 20.96 150.759553  66.146374  4.728 -100.00 -100.00 -100.00
  24    29.880 54894.18123038 21.32 150.746740  66.143811  5.874 -100.00 -100.00 -100.00
  24    29.640 54894.18123097 22.44 150.753225  66.143851  7.420 -100.00 -100.00 -100.00
  24    29.651 54894.18123157 21.81 150.759710  66.143891  6.234 -100.00 -100.00 -100.00
  25    29.682 54904.09686986 22.86 150.742660  66.141652  7.637 -100.00 -100.00 -100.00
  25    29.606 54904.09687045 23.52 150.749144  66.141692  9.246 -100.00 -100.00 -100.00
  25    29.633 54904.09687104 23.26 150.755629  66.141732  8.802 -100.00 -100.00 -100.00
  26    30.478 54914.01250885 20.23 150.745988  66.141433  6.463 -100.00 -100.00 -100.00
  26    30.742 54914.01250944 20.25 150.752473  66.141474  6.318 -100.00 -100.00 -100.00
  26    30.929 54914.01251003 21.05 150.758957  66.141514  7.970 -100.00 -100.00 -100.00
  27    29.750 54923.92814661 22.39 150.742503  66.142750  8.751 -100.00 -100.00 -100.00
  27    29.678 54923.92814720 21.77 150.748987  66.142790  8.161 -100.00 -100.00 -100.00
  27    29.722 54923.92814779 21.58 150.755472  66.142830  7.663 -100.00 -100.00 -100.00
  28    29.780 54933.84378418 21.32 150.745455  66.144140  7.683 -100.00 -100.00 -100.00
  28    29.735 54933.84378477 20.91 150.751939  66.144180  6.829 -100.00 -100.00 -100.00
  28    30.874 54933.84378536 20.88 150.758424  66.144220  6.636 -100.00 -100.00 -100.00
  29    31.199 54943.75941969 20.06 150.747179  66.144046  7.653 -100.00 -100.00 -100.00
  29    29.647 54943.75942029 19.56 150.753663  66.144087  6.581 -100.00 -100.00 -100.00
  29    30.943 54943.75942088 19.24 150.760148  66.144127  5.860 -100.00 -100.00 -100.00
  30    27.261 54953.67505278  9.95 150.745326  66.142348  5.304 -100.00 -100.00 -100.00
  30    26.835 54953.67505337  9.74 150.751809  66.142389  4.428 -100.00 -100.00 -100.00
  30    31.275 54953.67505396  9.34 150.758293  66.142429  3.926 -100.00 -100.00 -100.00
  31    24.442 54963.59069728 33.19 150.742772  66.140561   -100 -100.00 -100.00 -100.00
  31    24.412 54963.59069787 32.34 150.749255  66.140602   -100 -100.00 -100.00 -100.00
  32    28.562 54973.50634590 46.21 150.744920  66.140656   -100 -100.00 -100.00 -100.00
  32    28.212 54973.50634649 51.21 150.751403  66.140697 14.947 -100.00 -100.00 -100.00
  33    27.992 54983.42199364 45.03 150.745580  66.142463  8.978 -100.00 -100.00 -100.00
  33    27.811 54983.42199423 40.99 150.752063  66.142503   -100 -100.00 -100.00 -100.00
  33    28.043 54983.42199482 37.70 150.758547  66.142543 29.214 -100.00 -100.00 -100.00
  35    26.230 55003.25328757 43.75 150.745944  66.145315 26.105 -100.00 -100.00 -100.00
  35    25.502 55003.25328816 48.39 150.752429  66.145356   -100 -100.00 -100.00 -100.00
  35    25.631 55003.25328875 52.22 150.758914  66.145396 11.871 -100.00 -100.00 -100.00
  36    31.564 55013.16893192 26.10 150.744633  66.145047 14.379 -100.00 -100.00 -100.00
  36    31.378 55013.16893251 25.21 150.751118  66.145087 14.652 -100.00 -100.00 -100.00
  36    23.957 55013.16893310 26.95 150.757603  66.145128 22.003 -100.00 -100.00 -100.00
  37    24.226 55023.08457515 32.79 150.746515  66.144537   -100 -100.00 -100.00 -100.00
  37    24.220 55023.08457574 28.81 150.753000  66.144577 29.531 -100.00 -100.00 -100.00
  37    29.375 55023.08457633 27.15 150.759484  66.144617 20.167 -100.00 -100.00 -100.00
  38    29.157 55033.00021714 33.40 150.742844  66.145082   -100 -100.00 -100.00 -100.00
  38    23.973 55033.00021773 33.65 150.749329  66.145123   -100 -100.00 -100.00 -100.00
  38    24.177 55033.00021832 29.80 150.755814  66.145163 27.060 -100.00 -100.00 -100.00
  39    23.176 55042.91585967 37.85 150.752723  66.146222   -100 -100.00 -100.00 -100.00
  39    23.415 55042.91586026 39.26 150.759208  66.146262   -100 -100.00 -100.00 -100.00
  40    31.483 55052.83149966 21.53 150.752064  66.146644  9.481 -100.00 -100.00 -100.00
  40    31.519 55052.83150025 20.48 150.758550  66.146684  8.059 -100.00 -100.00 -100.00
  41    23.529 55062.74713710 46.47 150.747653  66.145409   -100 -100.00 -100.00 -100.00
  41    23.432 55062.74713769 38.85 150.754137  66.145450 11.264 -100.00 -100.00 -100.00
  41    23.452 55062.74713828 32.32 150.760622  66.145490   -100 -100.00 -100.00 -100.00
  42    24.327 55072.66278108 35.70 150.744431  66.143287   -100 -100.00 -100.00 -100.00
  42    24.371 55072.66278167 35.20 150.750915  66.143328   -100 -100.00 -100.00 -100.00
  42    24.417 55072.66278226 32.77 150.757398  66.143368   -100 -100.00 -100.00 -100.00
  43    30.372 55082.57842919 44.96 150.741824  66.141566  1.308 -100.00 -100.00 -100.00
  43    30.360 55082.57842978 41.18 150.748307  66.141607   -100 -100.00 -100.00 -100.00
  43    30.319 55082.57843037 40.40 150.754791  66.141647   -100 -100.00 -100.00 -100.00
  43    30.313 55082.57843096 38.88 150.761274  66.141687   -100 -100.00 -100.00 -100.00
  44    25.539 55092.49407591 49.08 150.741355  66.141492   -100 -100.00 -100.00 -100.00
  44    25.227 55092.49407650 54.41 150.747838  66.141533   -100 -100.00 -100.00 -100.00
  44    25.457 55092.49407709 55.49 150.754322  66.141573   -100 -100.00 -100.00 -100.00
  44    25.383 55092.49407768 56.97 150.760805  66.141613 20.339 -100.00 -100.00 -100.00
  45    23.460 55102.40972265 49.46 150.744284  66.142594 19.570 -100.00 -100.00 -100.00
  45    23.435 55102.40972324 50.79 150.750769  66.142634   -100 -100.00 -100.00 -100.00
  45    23.583 55102.40972383 45.00 150.757253  66.142674  8.112 -100.00 -100.00 -100.00
  46    23.899 55112.32536861 43.30 150.742075  66.143754 17.687 -100.00 -100.00 -100.00
  46    23.686 55112.32536920 50.37 150.748560  66.143794 27.064 -100.00 -100.00 -100.00
  46    23.534 55112.32536979 48.58 150.755044  66.143834 31.459 -100.00 -100.00 -100.00
  47    24.078 55122.24101246 41.02 150.742084  66.143582 29.553 -100.00 -100.00 -100.00
  47    23.755 55122.24101305 40.59 150.748569  66.143622   -100 -100.00 -100.00 -100.00
  47    23.755 55122.24101364 40.95 150.755054  66.143662   -100 -100.00 -100.00 -100.00
  48    22.955 55132.15665359 38.26 150.744080  66.142273   -100 -100.00 -100.00 -100.00
  48    22.918 55132.15665418 37.43 150.750565  66.142314   -100 -100.00 -100.00 -100.00
  48    23.032 55132.15665477 39.89 150.757050  66.142354   -100 -100.00 -100.00 -100.00
  49    22.579 55142.07229224 35.53 150.741076  66.140887   -100 -100.00 -100.00 -100.00
  49    22.681 55142.07229283 30.14 150.747561  66.140928 29.029 -100.00 -100.00 -100.00
  49    22.885 55142.07229342 27.57 150.754045  66.140968 18.003 -100.00 -100.00 -100.00
  50    22.841 55151.98793103 24.40 150.746190  66.141105 16.966 -100.00 -100.00 -100.00
  50    23.103 55151.98793162 23.91 150.752674  66.141146 15.468 -100.00 -100.00 -100.00
  50    25.374 55151.98793221 20.94 150.759159  66.141186  9.296 -100.00 -100.00 -100.00
  51    29.044 55161.90356919 23.34 150.741869  66.142604 13.346 -100.00 -100.00 -100.00
  51    23.039 55161.90356978 24.17 150.748353  66.142644 15.830 -100.00 -100.00 -100.00
  51    24.992 55161.90357037 22.29 150.754838  66.142685 11.556 -100.00 -100.00 -100.00
  51    25.644 55161.90357096 21.09 150.761323  66.142725  8.767 -100.00 -100.00 -100.00
  52    29.413 55171.81920755 22.10 150.743784  66.144322 10.540 -100.00 -100.00 -100.00
  52    29.555 55171.81920814 20.17 150.750269  66.144362  7.291 -100.00 -100.00 -100.00
  52    28.834 55171.81920873 21.30 150.756754  66.144403  9.080 -100.00 -100.00 -100.00
  53    29.742 55181.73484444 20.11 150.746845  66.145154  7.852 -100.00 -100.00 -100.00
  53    30.840 55181.73484503 18.49 150.753330  66.145195  5.638 -100.00 -100.00 -100.00
  53    30.621 55181.73484562 18.42 150.759815  66.145235  5.950 -100.00 -100.00 -100.00
  54    30.137 55191.65049381 22.16 150.741730  66.145000  8.606 -100.00 -100.00 -100.00
  54    29.436 55191.65049440 21.50 150.748215  66.145041  8.074 -100.00 -100.00 -100.00
  54    30.315 55191.65049499 21.10 150.754700  66.145081  8.155 -100.00 -100.00 -100.00
  54    30.616 55191.65049558 19.81 150.761185  66.145122  6.221 -100.00 -100.00 -100.00
  55    30.089 55201.56614423 20.87 150.744617  66.145151  8.412 -100.00 -100.00 -100.00
  55    30.210 55201.56614482 20.22 150.751101  66.145192  7.463 -100.00 -100.00 -100.00
  55    30.155 55201.56614541 21.76 150.757586  66.145232 10.402 -100.00 -100.00 -100.00
  56    29.650 55211.48179358 19.62 150.742754  66.145618  6.633 -100.00 -100.00 -100.00
  56    29.375 55211.48179417 21.39 150.749239  66.145658  9.781 -100.00 -100.00 -100.00
  56    30.172 55211.48179476 19.34 150.755724  66.145698  6.370 -100.00 -100.00 -100.00
  57    31.151 55221.39744310 18.85 150.747887  66.146092  5.276 -100.00 -100.00 -100.00
  57    30.239 55221.39744369 19.24 150.754372  66.146132  6.360 -100.00 -100.00 -100.00
  57    30.485 55221.39744428 18.33 150.760857  66.146172  4.876 -100.00 -100.00 -100.00
  58    29.974 55231.31309091 20.52 150.746875  66.145468  8.608 -100.00 -100.00 -100.00
  58    30.188 55231.31309150 19.59 150.753361  66.145509  7.326 -100.00 -100.00 -100.00
  58    29.986 55231.31309209 19.32 150.759846  66.145549  6.958 -100.00 -100.00 -100.00
  59    30.098 55241.22873519 19.28 150.742427  66.144083  5.991 -100.00 -100.00 -100.00
  59    30.117 55241.22873578 19.75 150.748912  66.144123  6.483 -100.00 -100.00 -100.00
  59    29.741 55241.22873637 20.20 150.755397  66.144164  7.762 -100.00 -100.00 -100.00
  60    30.112 55251.14437656 19.34 150.744644  66.142534  7.182 -100.00 -100.00 -100.00
  60    29.633 55251.14437715 20.95 150.751129  66.142574  9.647 -100.00 -100.00 -100.00
  60    30.788 55251.14437774 20.12 150.757614  66.142615  8.313 -100.00 -100.00 -100.00
  61    29.753 55261.06001523 20.69 150.742239  66.141699  9.869 -100.00 -100.00 -100.00
  61    30.778 55261.06001582 20.57 150.748723  66.141739  9.429 -100.00 -100.00 -100.00
  61    30.857 55261.06001641 19.57 150.755208  66.141779  7.107 -100.00 -100.00 -100.00
  62    31.170 55270.97565328 21.02 150.742461  66.142064  8.412 -100.00 -100.00 -100.00
  62    30.937 55270.97565388 20.41 150.748946  66.142104  7.862 -100.00 -100.00 -100.00
  62    29.729 55270.97565447 21.73 150.755430  66.142144 10.295 -100.00 -100.00 -100.00
  63    29.894 55280.89129154 20.07 150.745670  66.142780  9.193 -100.00 -100.00 -100.00
  63    30.770 55280.89129213 19.69 150.752154  66.142820  8.535 -100.00 -100.00 -100.00
  63    30.881 55280.89129272 19.42 150.758639  66.142860  7.934 -100.00 -100.00 -100.00
  64    30.127 55290.80692823 18.76 150.744897  66.143037  7.748 -100.00 -100.00 -100.00
  64    30.872 55290.80692882 18.63 150.751381  66.143078  7.206 -100.00 -100.00 -100.00
  64    30.997 55290.80692941 18.53 150.757866  66.143118  6.689 -100.00 -100.00 -100.00
  65    30.121 55300.72256250 19.12 150.743014  66.142582  8.723 -100.00 -100.00 -100.00
  65    30.470 55300.72256309 19.63 150.749497  66.142623  8.937 -100.00 -100.00 -100.00
  65    31.048 55300.72256368 18.59 150.755981  66.142664  7.200 -100.00 -100.00 -100.00
  66    30.077 55310.63820867 18.82 150.741048  66.141646  8.835 -100.00 -100.00 -100.00
  66    30.708 55310.63820926 19.04 150.747531  66.141687  9.181 -100.00 -100.00 -100.00
  66    31.007 55310.63820985 18.68 150.754015  66.141728  8.391 -100.00 -100.00 -100.00
  66    31.258 55310.63821044 19.15 150.760498  66.141768  9.391 -100.00 -100.00 -100.00
  67    23.185 55320.55385431 17.84 150.741699  66.141230 28.633 -100.00 -100.00 -100.00
  67    28.286 55320.55385490 10.59 150.748182  66.141271 10.122 -100.00 -100.00 -100.00
  67    23.534 55320.55385549 11.79 150.754665  66.141311 12.321 -100.00 -100.00 -100.00
  67    23.164 55320.55385608 14.54 150.761149  66.141352 17.641 -100.00 -100.00 -100.00
  68    23.927 55330.46949912 35.44 150.745111  66.141830   -100 -100.00 -100.00 -100.00
  68    28.318 55330.46949971 36.71 150.751594  66.141871   -100 -100.00 -100.00 -100.00
  68    28.563 55330.46950030 38.64 150.758078  66.141911   -100 -100.00 -100.00 -100.00
  69    31.230 55340.38514317 45.31 150.741420  66.143154 25.641 -100.00 -100.00 -100.00
  69    30.617 55340.38514376 51.33 150.747904  66.143195   -100 -100.00 -100.00 -100.00
  69    30.543 55340.38514435 54.35 150.754388  66.143235 10.800 -100.00 -100.00 -100.00
  69    30.495 55340.38514494 55.50 150.760872  66.143275 25.167 -100.00 -100.00 -100.00
  70    28.006 55350.30078747 42.13 150.743154  66.144236   -100 -100.00 -100.00 -100.00
  70    28.033 55350.30078806 42.60 150.749638  66.144276  1.527 -100.00 -100.00 -100.00
  70    27.833 55350.30078866 38.95 150.756122  66.144317   -100 -100.00 -100.00 -100.00
  71    29.387 55360.21642964 30.70 150.744492  66.144766   -100 -100.00 -100.00 -100.00
  71    29.105 55360.21643023 26.51 150.750976  66.144807 20.195 -100.00 -100.00 -100.00
  71    27.801 55360.21643083 28.75 150.757461  66.144847 27.888 -100.00 -100.00 -100.00
  72    29.220 55370.13206932 39.97 150.742153  66.144938 21.313 -100.00 -100.00 -100.00
  72    24.960 55370.13206991 42.88 150.748638  66.144978   -100 -100.00 -100.00 -100.00
  72    24.805 55370.13207050 48.12 150.755122  66.145019   -100 -100.00 -100.00 -100.00
  73    26.692 55380.04770774 43.18 150.742347  66.145319 23.781 -100.00 -100.00 -100.00
  73    26.487 55380.04770833 45.35 150.748832  66.145359   -100 -100.00 -100.00 -100.00
  73    25.997 55380.04770892 51.59 150.755317  66.145400 25.477 -100.00 -100.00 -100.00
  74    24.622 55389.96334603 47.27 150.748814  66.145951   -100 -100.00 -100.00 -100.00
  74    24.215 55389.96334662 49.30 150.755299  66.145992   -100 -100.00 -100.00 -100.00
  75    24.780 55399.87898277 45.39 150.750120  66.145988 22.756 -100.00 -100.00 -100.00
  75    24.056 55399.87898336 50.28 150.756605  66.146028   -100 -100.00 -100.00 -100.00
  76    29.187 55409.79462960 33.47 150.744513  66.144804   -100 -100.00 -100.00 -100.00
  76    22.924 55409.79463019 37.43 150.750997  66.144845 13.011 -100.00 -100.00 -100.00
  76    22.827 55409.79463078 35.13 150.757482  66.144885   -100 -100.00 -100.00 -100.00
  77    25.115 55419.71028027 54.30 150.747336  66.142883  6.569 -100.00 -100.00 -100.00
  77    24.899 55419.71028086 53.63 150.753819  66.142924   -100 -100.00 -100.00 -100.00
  77    25.105 55419.71028145 54.93 150.760303  66.142964  4.513 -100.00 -100.00 -100.00
  78    24.583 55429.62592722 57.62 150.745184  66.141515   -100 -100.00 -100.00 -100.00
  78    24.607 55429.62592781 55.57 150.751668  66.141556   -100 -100.00 -100.00 -100.00
  78    24.792 55429.62592840 53.85 150.758151  66.141596 23.878 -100.00 -100.00 -100.00
  79    28.471 55439.54157147 50.58 150.741180  66.141693   -100 -100.00 -100.00 -100.00
  79    28.125 55439.54157206 54.66 150.747663  66.141734   -100 -100.00 -100.00 -100.00
  79    28.376 55439.54157265 56.29 150.754147  66.141774  0.092 -100.00 -100.00 -100.00
  79    28.237 55439.54157324 56.65 150.760630  66.141814 29.986 -100.00 -100.00 -100.00
  80    31.172 55449.45721496 27.11 150.744727  66.142826 20.601 -100.00 -100.00 -100.00
  80    31.445 55449.45721555 26.46 150.751211  66.142867 18.038 -100.00 -100.00 -100.00
  80    28.124 55449.45721614 26.89 150.757695  66.142907 19.416 -100.00 -100.00 -100.00
  81    29.371 55459.37285778 31.72 150.745105  66.143435 29.197 -100.00 -100.00 -100.00
  81    29.245 55459.37285837 32.81 150.751589  66.143475   -100 -100.00 -100.00 -100.00
  81    29.271 55459.37285896 32.45 150.758074  66.143515   -100 -100.00 -100.00 -100.00
  82    28.771 55469.28849983 33.72 150.746485  66.142974 26.735 -100.00 -100.00 -100.00
  82    31.148 55469.28850042 29.62 150.752970  66.143015 13.728 -100.00 -100.00 -100.00
  82    30.970 55469.28850101 29.04 150.759454  66.143055 10.733 -100.00 -100.00 -100.00
  83    31.051 55479.20413829 31.83 150.743457  66.141814 10.995 -100.00 -100.00 -100.00
  83    31.012 55479.20413888 31.56 150.749941  66.141855 10.624 -100.00 -100.00 -100.00
  83    31.119 55479.20413948 30.83 150.756425  66.141895  8.824 -100.00 -100.00 -100.00
  84    23.095 55489.11977435 47.46 150.745112  66.141135  5.433 -100.00 -100.00 -100.00
  84    22.902 55489.11977494 43.41 150.751597  66.141176   -100 -100.00 -100.00 -100.00
  84    23.115 55489.11977553 41.63 150.758081  66.141216   -100 -100.00 -100.00 -100.00
  85    22.560 55499.03540809 39.49 150.746134  66.141482   -100 -100.00 -100.00 -100.00
  85    22.817 55499.03540868 36.77 150.752619  66.141522 23.322 -100.00 -100.00 -100.00
  85    22.567 55499.03540927 37.37 150.759103  66.141563 29.317 -100.00 -100.00 -100.00
  86    23.016 55508.95104739 36.12 150.741288  66.142817 28.202 -100.00 -100.00 -100.00
  86    23.051 55508.95104799 38.02 150.747773  66.142858   -100 -100.00 -100.00 -100.00
  86    23.175 55508.95104858 34.72 150.754258  66.142899 20.774 -100.00 -100.00 -100.00
  86    22.987 55508.95104917 35.06 150.760743  66.142939 23.684 -100.00 -100.00 -100.00
  87    28.709 55518.86669759 33.00 150.742412  66.143981 19.026 -100.00 -100.00 -100.00
  87    23.267 55518.86669818 32.64 150.748897  66.144022 18.466 -100.00 -100.00 -100.00
  87    23.100 55518.86669877 32.03 150.755382  66.144063 17.374 -100.00 -100.00 -100.00
  88    28.986 55528.78234695 30.54 150.744517  66.144616 14.772 -100.00 -100.00 -100.00
  88    23.165 55528.78234754 35.68 150.751002  66.144657 30.325 -100.00 -100.00 -100.00
  88    23.344 55528.78234813 32.93 150.757487  66.144697 20.796 -100.00 -100.00 -100.00
  89    23.074 55538.69799450 32.43 150.746941  66.144651 20.973 -100.00 -100.00 -100.00
  89    23.291 55538.69799509 32.17 150.753426  66.144692 17.654 -100.00 -100.00 -100.00
  89    24.402 55538.69799568 30.32 150.759911  66.144732 15.980 -100.00 -100.00 -100.00
  90    31.232 55548.61363915 26.82 150.742325  66.144729 11.477 -100.00 -100.00 -100.00
  90    22.916 55548.61363974 29.38 150.748810  66.144769 18.343 -100.00 -100.00 -100.00
  90    23.129 55548.61364033 29.22 150.755294  66.144810 16.882 -100.00 -100.00 -100.00
  91    28.807 55558.52928259 27.57 150.743502  66.145378 14.271 -100.00 -100.00 -100.00
  91    22.872 55558.52928318 28.25 150.749987  66.145418 16.220 -100.00 -100.00 -100.00
  91    28.816 55558.52928377 27.52 150.756472  66.145458 14.304 -100.00 -100.00 -100.00
  92    22.825 55568.44492567 31.49 150.750350  66.146293 28.411 -100.00 -100.00 -100.00
  92    26.019 55568.44492626 25.31 150.756835  66.146333 11.852 -100.00 -100.00 -100.00
  93    22.668 55578.36056704 29.68 150.747727  66.146101 23.486 -100.00 -100.00 -100.00
  93    25.725 55578.36056763 25.94 150.754213  66.146142 13.375 -100.00 -100.00 -100.00
  93    27.949 55578.36056822 24.61 150.760698  66.146182 11.093 -100.00 -100.00 -100.00
  94    22.726 55588.27620605 27.35 150.744558  66.144344 14.775 -100.00 -100.00 -100.00
  94    25.742 55588.27620664 26.14 150.751043  66.144384 11.602 -100.00 -100.00 -100.00
  94    25.011 55588.27620723 26.49 150.757528  66.144425 12.815 -100.00 -100.00 -100.00
  95    29.461 55598.19184222 26.79 150.743751  66.141930 12.078 -100.00 -100.00 -100.00
  95    22.551 55598.19184281 28.14 150.750236  66.141971 16.436 -100.00 -100.00 -100.00
  95    22.873 55598.19184340 27.89 150.756720  66.142011 15.354 -100.00 -100.00 -100.00
  96    22.334 55608.10747599 31.62 150.745392  66.140707 27.844 -100.00 -100.00 -100.00
  96    22.699 55608.10747658 27.95 150.751877  66.140748 14.656 -100.00 -100.00 -100.00
  97    22.718 55618.02310760 27.94 150.744200  66.141307 16.640 -100.00 -100.00 -100.00
  97    23.607 55618.02310819 27.13 150.750684  66.141348 14.193 -100.00 -100.00 -100.00
  97    29.646 55618.02310878 25.37 150.757169  66.141389 10.667 -100.00 -100.00 -100.00
  98    22.966 55627.93875395 26.76 150.745488  66.143207 13.983 -100.00 -100.00 -100.00
  98    23.244 55627.93875454 26.86 150.751973  66.143248 14.133 -100.00 -100.00 -100.00
  98    29.681 55627.93875513 25.75 150.758457  66.143289 12.869 -100.00 -100.00 -100.00
  99    22.567 55637.85440548 27.77 150.747427  66.143985 16.900 -100.00 -100.00 -100.00
  99    29.651 55637.85440607 27.13 150.753912  66.144026 15.554 -100.00 -100.00 -100.00
  99    29.899 55637.85440666 24.17 150.760397  66.144066  8.843 -100.00 -100.00 -100.00
 100    22.385 55647.77005430 28.41 150.742498  66.143055 24.452 -100.00 -100.00 -100.00
 100    31.092 55647.77005489 23.96 150.748982  66.143096 11.181 -100.00 -100.00 -100.00
 100    31.117 55647.77005548 23.63 150.755467  66.143136 12.356 -100.00 -100.00 -100.00
 101    29.981 55657.68570096 25.95 150.745847  66.141215 16.427 -100.00 -100.00 -100.00
 101    22.545 55657.68570155 26.41 150.752331  66.141256 18.156 -100.00 -100.00 -100.00
 101    30.939 55657.68570214 25.03 150.758815  66.141296 13.379 -100.00 -100.00 -100.00
 102    26.407 55667.60134291 15.35 150.743205  66.140386  6.271 -100.00 -100.00 -100.00
 102    31.722 55667.60134350 14.79 150.749688  66.140427  5.495 -100.00 -100.00 -100.00
 103    23.284 55677.51698264 16.02 150.745659  66.141447 30.645 -100.00 -100.00 -100.00
 103    23.408 55677.51698323 13.85 150.752142  66.141488 23.676 -100.00 -100.00 -100.00
 103    23.483 55677.51698382  9.98 150.758626  66.141528 11.910 -100.00 -100.00 -100.00
 104    23.556 55687.43262012 26.48 150.744399  66.143521 32.635 -100.00 -100.00 -100.00
 104    23.557 55687.43262071 25.91 150.750883  66.143562 30.716 -100.00 -100.00 -100.00
 104    23.523 55687.43262130 28.14 150.757367  66.143602   -100 -100.00 -100.00 -100.00
 105    24.419 55697.34825671 25.31 150.747082  66.145039 23.918 -100.00 -100.00 -100.00
 105    24.427 55697.34825730 27.63 150.753566  66.145080 32.397 -100.00 -100.00 -100.00
 105    24.466 55697.34825789 26.74 150.760051  66.145120 26.618 -100.00 -100.00 -100.00
 106    29.206 55707.26389159 34.08 150.745916  66.145089 31.157 -100.00 -100.00 -100.00
 106    27.921 55707.26389218 32.81 150.752401  66.145130 26.275 -100.00 -100.00 -100.00
 106    25.608 55707.26389277 36.17 150.758885  66.145171   -100 -100.00 -100.00 -100.00
 107    31.547 55717.17954289 36.42 150.747291  66.144392 21.088 -100.00 -100.00 -100.00
 107    31.450 55717.17954348 37.47 150.753775  66.144433 25.991 -100.00 -100.00 -100.00
 107    31.410 55717.17954407 37.08 150.760260  66.144473 23.814 -100.00 -100.00 -100.00
 108    31.750 55727.09519141 40.98 150.746988  66.144264   -100 -100.00 -100.00 -100.00
 108    31.689 55727.09519200 41.09 150.753473  66.144305   -100 -100.00 -100.00 -100.00
 108    31.740 55727.09519259 41.03 150.759958  66.144345   -100 -100.00 -100.00 -100.00
 109    31.427 55737.01083794 30.92 150.743097  66.145097 25.711 -100.00 -100.00 -100.00
 109    29.569 55737.01083853 28.47 150.749582  66.145137 24.000 -100.00 -100.00 -100.00
 109    29.624 55737.01083912 26.70 150.756067  66.145178 17.820 -100.00 -100.00 -100.00
 110    31.634 55746.92648407 24.12 150.748702  66.146169 11.755 -100.00 -100.00 -100.00
 110    29.594 55746.92648466 24.84 150.755187  66.146210 13.714 -100.00 -100.00 -100.00
 111    26.299 55756.84212736 43.86 150.745459  66.145966  5.066 -100.00 -100.00 -100.00
 111    26.308 55756.84212795 42.04 150.751944  66.146006   -100 -100.00 -100.00 -100.00
 111    26.493 55756.84212854 39.78 150.758429  66.146047   -100 -100.00 -100.00 -100.00
 112    26.382 55766.75776808 35.92 150.742431  66.144078   -100 -100.00 -100.00 -100.00
 112    26.503 55766.75776867 28.96 150.748915  66.144119 16.984 -100.00 -100.00 -100.00
 112    26.306 55766.75776926 28.73 150.755399  66.144159 18.046 -100.00 -100.00 -100.00
 113    25.056 55776.67340639 29.79 150.745520  66.141589 27.652 -100.00 -100.00 -100.00
 113    25.080 55776.67340698 29.91 150.752003  66.141630 25.960 -100.00 -100.00 -100.00
 113    28.409 55776.67340757 27.32 150.758487  66.141670 15.906 -100.00 -100.00 -100.00
 115    28.498 55796.50467486 50.68 150.741424  66.141328  6.406 -100.00 -100.00 -100.00
 115    28.584 55796.50467545 53.84 150.747907  66.141369   -100 -100.00 -100.00 -100.00
 115    28.342 55796.50467604 56.95 150.754391  66.141410   -100 -100.00 -100.00 -100.00
 115    28.262 55796.50467663 57.94 150.760874  66.141450   -100 -100.00 -100.00 -100.00
 116    26.502 55806.42031666 30.34 150.747344  66.143336   -100 -100.00 -100.00 -100.00
 116    26.741 55806.42031725 29.61 150.753828  66.143377 29.528 -100.00 -100.00 -100.00
 116    26.696 55806.42031784 31.64 150.760312  66.143418   -100 -100.00 -100.00 -100.00
 117    31.490 55816.33596549 27.51 150.744491  66.144422 15.684 -100.00 -100.00 -100.00
 117    29.624 55816.33596608 27.49 150.750975  66.144463 17.097 -100.00 -100.00 -100.00
 117    29.520 55816.33596667 28.47 150.757460  66.144503 20.879 -100.00 -100.00 -100.00
 118    27.547 55826.25161139 42.57 150.743327  66.143289   -100 -100.00 -100.00 -100.00
 118    27.521 55826.25161198 43.32 150.749812  66.143330   -100 -100.00 -100.00 -100.00
 118    27.348 55826.25161257 40.55 150.756296  66.143370   -100 -100.00 -100.00 -100.00
 119    29.676 55836.16725310 33.96 150.744610  66.141439 25.975 -100.00 -100.00 -100.00
 119    31.074 55836.16725369 29.97 150.751095  66.141480 14.149 -100.00 -100.00 -100.00
 119    31.111 55836.16725428 28.75 150.757579  66.141520 11.590 -100.00 -100.00 -100.00
 121    22.595 55855.99852694 45.93 150.743806  66.141620 19.525 -100.00 -100.00 -100.00
 121    22.761 55855.99852753 37.29 150.750291  66.141661   -100 -100.00 -100.00 -100.00
 121    22.537 55855.99852812 40.71 150.756776  66.141702   -100 -100.00 -100.00 -100.00
 122    22.816 55865.91416912 34.56 150.745873  66.143989 29.476 -100.00 -100.00 -100.00
 122    22.822 55865.91416971 33.49 150.752359  66.144030 24.033 -100.00 -100.00 -100.00
 122    22.914 55865.91417031 33.49 150.758844  66.144070 21.302 -100.00 -100.00 -100.00
 123    22.796 55875.82982169 29.68 150.744578  66.145803 18.366 -100.00 -100.00 -100.00
 123    22.683 55875.82982228 31.06 150.751064  66.145844 21.752 -100.00 -100.00 -100.00
 123    22.667 55875.82982287 32.47 150.757549  66.145885 27.429 -100.00 -100.00 -100.00
 124    22.788 55885.74546895 29.75 150.750045  66.145857 19.978 -100.00 -100.00 -100.00
 124    22.891 55885.74546954 28.83 150.756530  66.145897 18.092 -100.00 -100.00 -100.00
 125    28.065 55895.66110916 28.91 150.742303  66.144969 18.621 -100.00 -100.00 -100.00
 125    23.109 55895.66110976 28.17 150.748788  66.145010 14.952 -100.00 -100.00 -100.00
 125    23.082 55895.66111035 28.34 150.755273  66.145050 17.173 -100.00 -100.00 -100.00
 126    22.795 55905.57674529 27.84 150.747235  66.144250 16.524 -100.00 -100.00 -100.00
 126    26.904 55905.57674588 26.67 150.753719  66.144291 12.794 -100.00 -100.00 -100.00
 126    23.059 55905.57674648 26.62 150.760204  66.144331 12.754 -100.00 -100.00 -100.00
 127    29.110 55915.49238741 22.39 150.741741  66.144705  8.239 -100.00 -100.00 -100.00
 127    28.823 55915.49238800 22.54 150.748226  66.144746  8.541 -100.00 -100.00 -100.00
 127    30.130 55915.49238859 22.13 150.754711  66.144786  8.024 -100.00 -100.00 -100.00
 127    29.284 55915.49238918 22.77 150.761196  66.144827  8.234 -100.00 -100.00 -100.00
 128    30.074 55925.40804150 21.18 150.746072  66.145663  6.302 -100.00 -100.00 -100.00
 128    30.319 55925.40804209 21.63 150.752558  66.145704  7.961 -100.00 -100.00 -100.00
 128    30.262 55925.40804268 21.36 150.759043  66.145744  6.746 -100.00 -100.00 -100.00
 129    30.080 55935.32369231 20.68 150.749840  66.145828  5.459 -100.00 -100.00 -100.00
 129    29.237 55935.32369290 21.81 150.756325  66.145868  7.338 -100.00 -100.00 -100.00
 130    29.894 55945.23933740 19.62 150.743404  66.144015  5.732 -100.00 -100.00 -100.00
 130    29.911 55945.23933799 19.52 150.749889  66.144056  4.971 -100.00 -100.00 -100.00
 130    29.839 55945.23933858 19.90 150.756374  66.144096  6.270 -100.00 -100.00 -100.00
 131    29.851 55955.15497856 19.32 150.742255  66.141476  5.620 -100.00 -100.00 -100.00
 131    29.866 55955.15497915 19.45 150.748740  66.141516  5.150 -100.00 -100.00 -100.00
 131    30.549 55955.15497974 19.65 150.755225  66.141557  5.811 -100.00 -100.00 -100.00
 133    29.547 55974.98625464 19.30 150.745153  66.141229  5.490 -100.00 -100.00 -100.00
 133    29.474 55974.98625523 20.22 150.751638  66.141270  6.586 -100.00 -100.00 -100.00
 133    29.423 55974.98625582 19.76 150.758122  66.141310  5.944 -100.00 -100.00 -100.00
 134    29.887 55984.90189069 19.73 150.742697  66.143411  6.542 -100.00 -100.00 -100.00
 134    31.038 55984.90189128 18.83 150.749182  66.143452  5.312 -100.00 -100.00 -100.00
 134    29.501 55984.90189187 20.36 150.755667  66.143492  7.020 -100.00 -100.00 -100.00
 135    29.647 55994.81752469 19.98 150.745121  66.144560  7.073 -100.00 -100.00 -100.00
 135    29.577 55994.81752528 19.21 150.751606  66.144601  5.437 -100.00 -100.00 -100.00
 135    30.567 55994.81752587 18.90 150.758090  66.144642  4.852 -100.00 -100.00 -100.00
 136    29.617 56004.73317657 19.81 150.741126  66.143508  6.568 -100.00 -100.00 -100.00
 136    29.511 56004.73317716 19.76 150.747610  66.143549  6.816 -100.00 -100.00 -100.00
 136    29.386 56004.73317775 19.44 150.754094  66.143590  5.914 -100.00 -100.00 -100.00
 136    30.656 56004.73317834 19.36 150.760578  66.143630  5.769 -100.00 -100.00 -100.00
 137    29.370 56014.64882530 18.69 150.745114  66.141396  5.398 -100.00 -100.00 -100.00
 137    29.285 56014.64882589 18.71 150.751597  66.141437  5.807 -100.00 -100.00 -100.00
 137    30.810 56014.64882648 18.64 150.758081  66.141477  5.483 -100.00 -100.00 -100.00
 138    29.104 56024.56447055 19.38 150.744753  66.140542  7.314 -100.00 -100.00 -100.00
 138    29.163 56024.56447114 19.10 150.751236  66.140582  6.167 -100.00 -100.00 -100.00
 139    29.926 56034.48011343 15.70 150.741424  66.141984  4.492 -100.00 -100.00 -100.00
 139    30.613 56034.48011402 16.46 150.747907  66.142025  5.501 -100.00 -100.00 -100.00
 139    31.174 56034.48011461 15.42 150.754391  66.142065  4.083 -100.00 -100.00 -100.00
 139    31.246 56034.48011520 15.73 150.760874  66.142106  5.349 -100.00 -100.00 -100.00
 140    30.818 56044.39575491 14.11 150.745603  66.144523  9.825 -100.00 -100.00 -100.00
 140    27.068 56044.39575550 16.10 150.752088  66.144564 12.825 -100.00 -100.00 -100.00
 140    27.058 56044.39575609 18.84 150.758572  66.144604 18.478 -100.00 -100.00 -100.00
 141    27.147 56054.31139357 17.17 150.748944  66.146239 12.842 -100.00 -100.00 -100.00
 141    27.007 56054.31139416 21.37 150.755430  66.146279 27.093 -100.00 -100.00 -100.00
 142    34.396 56064.22702830 44.81 150.748830  66.146199 19.607 -100.00 -100.00 -100.00
 142    34.400 56064.22702889 49.09 150.755316  66.146240   -100 -100.00 -100.00 -100.00
 143    29.939 56074.14267111 38.97 150.742476  66.145010   -100 -100.00 -100.00 -100.00
 143    30.131 56074.14267170 34.81 150.748960  66.145051 25.628 -100.00 -100.00 -100.00
 143    29.857 56074.14267229 33.03 150.755446  66.145092 21.464 -100.00 -100.00 -100.00
 144    29.483 56084.05832124 28.84 150.746718  66.144467 21.167 -100.00 -100.00 -100.00
 144    31.553 56084.05832183 25.56 150.753203  66.144508 11.260 -100.00 -100.00 -100.00
 144    29.616 56084.05832242 27.13 150.759688  66.144548 16.101 -100.00 -100.00 -100.00
 145    31.796 56093.97396840 24.47 150.744469  66.144659 12.944 -100.00 -100.00 -100.00
 145    31.732 56093.97396899 20.80 150.750953  66.144700  7.877 -100.00 -100.00 -100.00
 145    31.491 56093.97396958 22.41 150.757438  66.144740 10.209 -100.00 -100.00 -100.00
 146    26.605 56103.88961373 42.71 150.745717  66.145284 20.513 -100.00 -100.00 -100.00
 146    25.673 56103.88961432 52.18 150.752202  66.145325 20.816 -100.00 -100.00 -100.00
 146    25.777 56103.88961491 48.40 150.758687  66.145365   -100 -100.00 -100.00 -100.00
 147    29.307 56113.80524409 37.57 150.741836  66.144863 31.721 -100.00 -100.00 -100.00
 147    24.985 56113.80524468 50.02 150.748320  66.144903   -100 -100.00 -100.00 -100.00
 147    24.760 56113.80524528 55.06 150.754805  66.144944   -100 -100.00 -100.00 -100.00
 147    24.897 56113.80524587 53.65 150.761289  66.144984  0.580 -100.00 -100.00 -100.00
 148    29.210 56123.72088293 26.44 150.745206  66.143656 18.721 -100.00 -100.00 -100.00
 148    24.234 56123.72088352 30.01 150.751690  66.143697   -100 -100.00 -100.00 -100.00
 148    27.317 56123.72088411 27.29 150.758174  66.143737 23.415 -100.00 -100.00 -100.00
 149    23.752 56133.63651754 37.64 150.745794  66.141814 18.326 -100.00 -100.00 -100.00
 149    23.629 56133.63651813 37.39 150.752278  66.141855 12.279 -100.00 -100.00 -100.00
 149    23.716 56133.63651872 40.57 150.758761  66.141895 21.684 -100.00 -100.00 -100.00
 150    24.127 56143.55215635 45.87 150.745022  66.140962   -100 -100.00 -100.00 -100.00
 150    23.792 56143.55215694 48.15 150.751506  66.141003   -100 -100.00 -100.00 -100.00
 150    23.512 56143.55215753 47.58 150.757989  66.141043   -100 -100.00 -100.00 -100.00
 151    24.654 56153.46780671 29.16 150.743627  66.141603 17.953 -100.00 -100.00 -100.00
 151    24.793 56153.46780730 29.32 150.750110  66.141644 17.822 -100.00 -100.00 -100.00
 151    24.695 56153.46780789 32.28 150.756594  66.141684 27.779 -100.00 -100.00 -100.00
 152    29.940 56163.38345571 32.10 150.742326  66.143157   -100 -100.00 -100.00 -100.00
 152    30.057 56163.38345631 30.36 150.748810  66.143198 26.970 -100.00 -100.00 -100.00
 152    29.949 56163.38345690 30.23 150.755294  66.143239 26.336 -100.00 -100.00 -100.00
 153    29.166 56173.29910325 27.81 150.747393  66.144177 17.150 -100.00 -100.00 -100.00
 153    28.615 56173.29910384 26.42 150.753878  66.144218 16.516 -100.00 -100.00 -100.00
 153    28.513 56173.29910443 25.93 150.760363  66.144258 15.114 -100.00 -100.00 -100.00
 154    25.907 56183.21474531 47.03 150.747556  66.143731  5.104 -100.00 -100.00 -100.00
 154    26.075 56183.21474590 50.14 150.754040  66.143772   -100 -100.00 -100.00 -100.00
 154    25.840 56183.21474649 50.27 150.760525  66.143812   -100 -100.00 -100.00 -100.00
 155    31.265 56193.13038359 25.32 150.747312  66.142337 17.905 -100.00 -100.00 -100.00
 155    31.486 56193.13038418 23.14 150.753797  66.142377 11.823 -100.00 -100.00 -100.00
 155    29.743 56193.13038477 24.95 150.760281  66.142418 13.504 -100.00 -100.00 -100.00
 156    23.596 56203.04601869 32.23 150.742166  66.141547   -100 -100.00 -100.00 -100.00
 156    23.810 56203.04601928 28.31 150.748651  66.141588 23.273 -100.00 -100.00 -100.00
 156    29.742 56203.04601987 26.54 150.755135  66.141629 15.540 -100.00 -100.00 -100.00
 157    23.400 56212.96165302 48.93 150.747254  66.142601   -100 -100.00 -100.00 -100.00
 157    22.995 56212.96165361 54.09 150.753739  66.142642   -100 -100.00 -100.00 -100.00
 157    23.005 56212.96165420 56.10 150.760223  66.142682   -100 -100.00 -100.00 -100.00
 158    22.852 56222.87728486 39.19 150.743717  66.144729 31.238 -100.00 -100.00 -100.00
 158    23.232 56222.87728545 42.48 150.750202  66.144770 24.335 -100.00 -100.00 -100.00
 158    22.609 56222.87728604 46.85 150.756687  66.144810   -100 -100.00 -100.00 -100.00
 159    26.851 56232.79294205 33.19 150.752998  66.146412 23.024 -100.00 -100.00 -100.00
 159    27.235 56232.79294264 31.32 150.759484  66.146452 16.814 -100.00 -100.00 -100.00
 160    30.827 56242.70859443 25.76 150.753901  66.146511  9.229 -100.00 -100.00 -100.00
 160    27.890 56242.70859502 25.69 150.760386  66.146552  8.044 -100.00 -100.00 -100.00
 161    28.576 56252.62424148 27.47 150.745499  66.145540 12.063 -100.00 -100.00 -100.00
 161    23.071 56252.62424207 28.44 150.751984  66.145581 13.950 -100.00 -100.00 -100.00
 161    28.398 56252.62424266 27.28 150.758469  66.145621 11.517 -100.00 -100.00 -100.00
 162    29.058 56262.53988458 27.37 150.743691  66.144761 12.483 -100.00 -100.00 -100.00
 162    31.209 56262.53988517 25.88 150.750176  66.144801  8.527 -100.00 -100.00 -100.00
 162    30.965 56262.53988576 25.79 150.756661  66.144842  8.655 -100.00 -100.00 -100.00
 163    29.216 56272.45552584 25.61 150.743616  66.144684 10.756 -100.00 -100.00 -100.00
 163    31.266 56272.45552643 24.60 150.750100  66.144724  7.556 -100.00 -100.00 -100.00
 163    30.922 56272.45552702 24.16 150.756585  66.144765  8.023 -100.00 -100.00 -100.00
 164    29.213 56282.37116817 22.09 150.745766  66.144806  8.661 -100.00 -100.00 -100.00
 164    30.238 56282.37116876 22.00 150.752251  66.144847  8.448 -100.00 -100.00 -100.00
 164    31.185 56282.37116935 20.60 150.758736  66.144887  5.889 -100.00 -100.00 -100.00
 165    30.499 56292.28682008 20.50 150.745533  66.144410  5.075 -100.00 -100.00 -100.00
 165    30.503 56292.28682067 20.82 150.752018  66.144451  5.944 -100.00 -100.00 -100.00
 165    30.802 56292.28682126 20.32 150.758503  66.144491  5.283 -100.00 -100.00 -100.00
 166    30.404 56302.20246761 20.38 150.746184  66.143115  5.044 -100.00 -100.00 -100.00
 166    30.831 56302.20246820 20.81 150.752669  66.143155  5.754 -100.00 -100.00 -100.00
 166    31.151 56302.20246879 20.12 150.759154  66.143195  4.552 -100.00 -100.00 -100.00
 167    30.634 56312.11811057 20.10 150.742972  66.141775  4.879 -100.00 -100.00 -100.00
 167    30.791 56312.11811116 20.16 150.749457  66.141816  5.797 -100.00 -100.00 -100.00
 167    31.035 56312.11811175 19.54 150.755942  66.141856  4.410 -100.00 -100.00 -100.00
 168    30.707 56322.03375193 19.98 150.745974  66.141531  5.836 -100.00 -100.00 -100.00
 168    30.995 56322.03375252 20.10 150.752459  66.141572  5.835 -100.00 -100.00 -100.00
 168    31.307 56322.03375312 19.11 150.758944  66.141612  4.299 -100.00 -100.00 -100.00
 169    30.060 56331.94939233 19.46 150.744534  66.142455  5.403 -100.00 -100.00 -100.00
 169    31.053 56331.94939292 19.50 150.751019  66.142496  4.451 -100.00 -100.00 -100.00
 169    31.032 56331.94939351 19.40 150.757504  66.142536  4.883 -100.00 -100.00 -100.00
 170    30.184 56341.86503243 18.47 150.744750  66.143451  4.341 -100.00 -100.00 -100.00
 170    31.173 56341.86503302 18.95 150.751235  66.143491  4.896 -100.00 -100.00 -100.00
 170    31.091 56341.86503361 18.62 150.757719  66.143532  4.733 -100.00 -100.00 -100.00
 171    30.070 56351.78067026 18.52 150.745370  66.143762  4.771 -100.00 -100.00 -100.00
 171    31.180 56351.78067085 18.84 150.751854  66.143803  5.514 -100.00 -100.00 -100.00
 171    31.170 56351.78067144 18.92 150.758339  66.143843  5.810 -100.00 -100.00 -100.00
 172    30.170 56361.69631004 19.52 150.743056  66.143052  5.967 -100.00 -100.00 -100.00
 172    31.093 56361.69631063 19.07 150.749540  66.143093  5.790 -100.00 -100.00 -100.00
 172    31.049 56361.69631122 18.74 150.756024  66.143133  5.007 -100.00 -100.00 -100.00
 173    31.073 56371.61195973 16.66 150.746229  66.142390  4.788 -100.00 -100.00 -100.00
 173    31.009 56371.61196032 17.05 150.752713  66.142431  5.098 -100.00 -100.00 -100.00
 173    31.338 56371.61196091 16.43 150.759197  66.142471  4.937 -100.00 -100.00 -100.00
 174    31.055 56381.52760648 17.93 150.746267  66.142685  6.399 -100.00 -100.00 -100.00
 174    31.120 56381.52760707 17.22 150.752750  66.142726  5.811 -100.00 -100.00 -100.00
 174    31.261 56381.52760766 17.15 150.759234  66.142766  4.768 -100.00 -100.00 -100.00
 175    30.199 56391.44325107 16.51 150.746050  66.144097  4.972 -100.00 -100.00 -100.00
 175    31.302 56391.44325166 16.29 150.752534  66.144138  4.691 -100.00 -100.00 -100.00
 175    31.201 56391.44325225 16.09 150.759019  66.144178  3.924 -100.00 -100.00 -100.00
 176    28.959 56401.35889386 12.93 150.744021  66.145434  5.472 -100.00 -100.00 -100.00
 176    29.953 56401.35889445 12.37 150.750506  66.145474  4.801 -100.00 -100.00 -100.00
 176    28.385 56401.35889504 12.42 150.756990  66.145515  4.408 -100.00 -100.00 -100.00
 177    24.048 56411.27453452 12.21 150.748542  66.146114 12.135 -100.00 -100.00 -100.00
 177    23.086 56411.27453511 18.36 150.755027  66.146155 29.915 -100.00 -100.00 -100.00
 177    23.479 56411.27453570 14.04 150.761512  66.146195 13.006 -100.00 -100.00 -100.00
 178    25.163 56421.19016948 38.94 150.744667  66.145841   -100 -100.00 -100.00 -100.00
 178    25.220 56421.19017007 40.03 150.751152  66.145882  0.253 -100.00 -100.00 -100.00
 178    25.142 56421.19017066 38.35 150.757638  66.145923   -100 -100.00 -100.00 -100.00
 179    32.036 56431.10580800 39.09 150.741929  66.145392   -100 -100.00 -100.00 -100.00
 179    32.019 56431.10580859 32.30 150.748415  66.145433 20.637 -100.00 -100.00 -100.00
 179    31.963 56431.10580918 32.65 150.754900  66.145474 20.313 -100.00 -100.00 -100.00
 179    31.863 56431.10580977 32.37 150.761385  66.145514 19.685 -100.00 -100.00 -100.00
 180    29.491 56441.02146099 35.28 150.742892  66.145268 24.040 -100.00 -100.00 -100.00
 180    29.049 56441.02146158 33.59 150.749377  66.145309 23.365 -100.00 -100.00 -100.00
 180    31.369 56441.02146217 29.46 150.755862  66.145349 11.654 -100.00 -100.00 -100.00
 181    29.371 56450.93711149 33.06 150.743835  66.145229   -100 -100.00 -100.00 -100.00
 181    32.876 56450.93711208 24.80 150.750320  66.145270 13.350 -100.00 -100.00 -100.00
 181    31.396 56450.93711267 25.77 150.756805  66.145310 14.360 -100.00 -100.00 -100.00
 182    27.886 56460.85275972 45.02 150.745209  66.144704   -100 -100.00 -100.00 -100.00
 182    27.607 56460.85276031 41.29 150.751694  66.144745 17.825 -100.00 -100.00 -100.00
 182    27.772 56460.85276090 46.16 150.758178  66.144785  5.624 -100.00 -100.00 -100.00
 183    28.042 56470.76840464 28.92 150.746500  66.143507 17.982 -100.00 -100.00 -100.00
 183    28.041 56470.76840523 28.81 150.752984  66.143547 19.491 -100.00 -100.00 -100.00
 183    28.230 56470.76840582 27.89 150.759468  66.143587 16.199 -100.00 -100.00 -100.00
 184    26.185 56480.68404551 40.81 150.743506  66.142407 30.092 -100.00 -100.00 -100.00
 184    26.391 56480.68404610 42.91 150.749990  66.142448 29.499 -100.00 -100.00 -100.00
 184    26.171 56480.68404669 46.12 150.756473  66.142488   -100 -100.00 -100.00 -100.00
 185    29.682 56490.59968256 25.10 150.741538  66.141992 14.463 -100.00 -100.00 -100.00
 185    31.474 56490.59968315 23.69 150.748021  66.142033 12.883 -100.00 -100.00 -100.00
 185    28.191 56490.59968374 25.98 150.754505  66.142073 17.103 -100.00 -100.00 -100.00
 185    28.486 56490.59968433 27.42 150.760988  66.142113 19.306 -100.00 -100.00 -100.00
 186    26.120 56500.51531757 30.84 150.744840  66.142496   -100 -100.00 -100.00 -100.00
 186    26.123 56500.51531816 29.83 150.751323  66.142536 31.467 -100.00 -100.00 -100.00
 186    28.347 56500.51531875 28.05 150.757807  66.142577 21.189 -100.00 -100.00 -100.00
 187    27.266 56510.43095106 53.95 150.746930  66.143282   -100 -100.00 -100.00 -100.00
 187    27.029 56510.43095166 53.43 150.753414  66.143323   -100 -100.00 -100.00 -100.00
 187    27.251 56510.43095225 53.74 150.759898  66.143363   -100 -100.00 -100.00 -100.00
 188    28.591 56520.34659443 48.30 150.746453  66.143654   -100 -100.00 -100.00 -100.00
 188    28.247 56520.34659502 52.32 150.752937  66.143695 20.163 -100.00 -100.00 -100.00
 188    28.272 56520.34659561 54.41 150.759421  66.143735   -100 -100.00 -100.00 -100.00
 189    30.555 56530.26224794 31.21 150.747439  66.143441 21.481 -100.00 -100.00 -100.00
 189    30.872 56530.26224853 28.22 150.753924  66.143482 13.775 -100.00 -100.00 -100.00
 189    30.784 56530.26224912 29.40 150.760409  66.143523 15.613 -100.00 -100.00 -100.00
 190    31.335 56540.17789733 25.55 150.746209  66.142952 13.515 -100.00 -100.00 -100.00
 190    28.254 56540.17789792 28.68 150.752693  66.142992 24.004 -100.00 -100.00 -100.00
 190    28.807 56540.17789852 28.41 150.759178  66.143033 21.333 -100.00 -100.00 -100.00
 191    25.972 56550.09354225 29.13 150.743276  66.142815 23.799 -100.00 -100.00 -100.00
 191    31.378 56550.09354284 27.13 150.749761  66.142856 16.071 -100.00 -100.00 -100.00
 191    28.632 56550.09354343 28.74 150.756246  66.142896 16.895 -100.00 -100.00 -100.00
 192    25.650 56560.00918508 42.05 150.742886  66.143720   -100 -100.00 -100.00 -100.00
 192    25.581 56560.00918567 40.67 150.749371  66.143760  0.662 -100.00 -100.00 -100.00
 192    25.735 56560.00918626 40.88 150.755856  66.143801  0.039 -100.00 -100.00 -100.00
 193    24.581 56569.92482713 42.64 150.744818  66.145113 31.453 -100.00 -100.00 -100.00
 193    24.523 56569.92482772 49.18 150.751303  66.145153   -100 -100.00 -100.00 -100.00
 193    24.400 56569.92482831 52.98 150.757789  66.145194   -100 -100.00 -100.00 -100.00
 194    23.453 56579.84046846 41.76 150.753797  66.146358   -100 -100.00 -100.00 -100.00
 194    23.245 56579.84046906 43.46 150.760282  66.146398   -100 -100.00 -100.00 -100.00
 195    23.425 56589.75610469 35.15 150.749991  66.146276 20.804 -100.00 -100.00 -100.00
 195    23.373 56589.75610528 36.41 150.756477  66.146316 23.880 -100.00 -100.00 -100.00
 196    23.019 56599.67174994 37.77 150.745718  66.145447 32.238 -100.00 -100.00 -100.00
 196    23.181 56599.67175053 36.27 150.752203  66.145488 27.629 -100.00 -100.00 -100.00
 196    23.092 56599.67175112 36.90 150.758688  66.145529 29.703 -100.00 -100.00 -100.00
 197    29.098 56609.58740013 28.65 150.741259  66.144770 10.686 -100.00 -100.00 -100.00
 197    27.995 56609.58740072 29.05 150.747744  66.144811 11.376 -100.00 -100.00 -100.00
 197    28.314 56609.58740131 28.40 150.754229  66.144851  9.988 -100.00 -100.00 -100.00
 197    30.435 56609.58740190 27.45 150.760714  66.144891  8.047 -100.00 -100.00 -100.00
 198    28.676 56619.50304641 26.71 150.746831  66.145178  8.454 -100.00 -100.00 -100.00
 198    28.518 56619.50304700 27.02 150.753316  66.145218  8.485 -100.00 -100.00 -100.00
 198    30.056 56619.50304759 26.13 150.759801  66.145258  7.877 -100.00 -100.00 -100.00
 199    30.363 56629.41868909 24.91 150.747878  66.145622  7.350 -100.00 -100.00 -100.00
 199    30.426 56629.41868968 24.30 150.754363  66.145662  6.229 -100.00 -100.00 -100.00
 199    30.464 56629.41869027 24.36 150.760849  66.145703  5.948 -100.00 -100.00 -100.00
 200    30.004 56639.33432813 23.21 150.744186  66.145050  5.217 -100.00 -100.00 -100.00
 200    30.134 56639.33432872 23.63 150.750671  66.145091  5.533 -100.00 -100.00 -100.00
 200    30.658 56639.33432931 23.33 150.757157  66.145131  5.209 -100.00 -100.00 -100.00
 201    29.942 56649.24997325 23.87 150.745089  66.143282  6.757 -100.00 -100.00 -100.00
 201    30.031 56649.24997384 23.57 150.751574  66.143323  6.055 -100.00 -100.00 -100.00
 201    30.757 56649.24997443 23.47 150.758059  66.143363  5.576 -100.00 -100.00 -100.00
 202    30.011 56659.16562443 22.88 150.744646  66.141541  4.570 -100.00 -100.00 -100.00
 202    30.049 56659.16562502 23.62 150.751130  66.141582  5.819 -100.00 -100.00 -100.00
 202    30.740 56659.16562561 24.06 150.757615  66.141622  7.498 -100.00 -100.00 -100.00
 203    29.830 56669.08127167 22.80 150.743851  66.141294  5.466 -100.00 -100.00 -100.00
 203    30.897 56669.08127226 22.61 150.750335  66.141334  4.985 -100.00 -100.00 -100.00
 203    30.362 56669.08127285 23.48 150.756820  66.141374  6.797 -100.00 -100.00 -100.00
 204    29.778 56678.99691638 22.91 150.741348  66.142834  6.250 -100.00 -100.00 -100.00
 204    29.878 56678.99691697 23.14 150.747833  66.142875  6.033 -100.00 -100.00 -100.00
 204    30.926 56678.99691756 22.98 150.754318  66.142915  6.150 -100.00 -100.00 -100.00
 204    30.075 56678.99691815 22.92 150.760804  66.142955  5.617 -100.00 -100.00 -100.00
 205    30.083 56688.91256029 20.84 150.746658  66.144442  4.692 -100.00 -100.00 -100.00
 205    29.814 56688.91256088 20.92 150.753144  66.144483  5.387 -100.00 -100.00 -100.00
 205    30.956 56688.91256147 20.66 150.759629  66.144523  4.652 -100.00 -100.00 -100.00
 206    29.695 56698.82820082 20.44 150.743478  66.144542  4.422 -100.00 -100.00 -100.00
 206    29.936 56698.82820141 20.27 150.749963  66.144583  4.653 -100.00 -100.00 -100.00
 206    29.929 56698.82820200 20.11 150.756448  66.144623  3.975 -100.00 -100.00 -100.00
 207    29.867 56708.74383707 20.43 150.744307  66.143314  3.982 -100.00 -100.00 -100.00
 207    29.695 56708.74383766 21.21 150.750791  66.143354  5.930 -100.00 -100.00 -100.00
 207    30.719 56708.74383825 20.85 150.757276  66.143395  4.682 -100.00 -100.00 -100.00
 208    29.886 56718.65947582 20.23 150.743145  66.142251  4.768 -100.00 -100.00 -100.00
 208    30.942 56718.65947641 20.03 150.749629  66.142292  5.050 -100.00 -100.00 -100.00
 208    30.884 56718.65947700 20.18 150.756113  66.142333  5.438 -100.00 -100.00 -100.00
 210    29.977 56738.49077678 19.04 150.741999  66.144589  4.358 -100.00 -100.00 -100.00
 210    31.064 56738.49077737 18.97 150.748483  66.144630  4.478 -100.00 -100.00 -100.00
 210    29.788 56738.49077796 18.99 150.754968  66.144670  4.237 -100.00 -100.00 -100.00
 210    30.924 56738.49077855 18.68 150.761452  66.144710  3.702 -100.00 -100.00 -100.00
 211    29.933 56748.40642246 19.26 150.751724  66.146625  4.134 -100.00 -100.00 -100.00
 211    29.950 56748.40642305 19.23 150.758210  66.146665  4.707 -100.00 -100.00 -100.00
 213    31.271 56768.23769651 16.61 150.748674  66.146163  3.716 -100.00 -100.00 -100.00
 213    31.253 56768.23769710 16.80 150.755160  66.146203  3.603 -100.00 -100.00 -100.00
 214    31.280 56778.15334297 13.21 150.747560  66.144837  4.398 -100.00 -100.00 -100.00
 214    31.216 56778.15334356 12.97 150.754045  66.144877  3.947 -100.00 -100.00 -100.00
 214    31.278 56778.15334415 13.41 150.760530  66.144917  4.795 -100.00 -100.00 -100.00
 215    30.876 56788.06899891 14.97 150.747482  66.144503  7.202 -100.00 -100.00 -100.00
 215    31.286 56788.06899950 14.03 150.753967  66.144544  5.768 -100.00 -100.00 -100.00
 215    31.389 56788.06900009 14.01 150.760452  66.144584  4.818 -100.00 -100.00 -100.00
 216    23.529 56797.98465099 25.87 150.743422  66.145071   -100 -100.00 -100.00 -100.00
 216    28.730 56797.98465158 22.05 150.749907  66.145111 16.949 -100.00 -100.00 -100.00
 216    23.430 56797.98465217 28.13 150.756392  66.145151   -100 -100.00 -100.00 -100.00
 217    32.672 56807.90029843 50.65 150.749904  66.145843   -100 -100.00 -100.00 -100.00
 217    32.681 56807.90029902 50.64 150.756389  66.145883 31.375 -100.00 -100.00 -100.00
 218    34.211 56817.81593867 53.48 150.742308  66.145204   -100 -100.00 -100.00 -100.00
 218    34.208 56817.81593926 55.58 150.748792  66.145244   -100 -100.00 -100.00 -100.00
 218    34.210 56817.81593985 54.57 150.755277  66.145284   -100 -100.00 -100.00 -100.00
 219    30.215 56827.73157612 46.45 150.743194  66.143424  9.936 -100.00 -100.00 -100.00
 219    30.258 56827.73157671 52.39 150.749678  66.143465 10.946 -100.00 -100.00 -100.00
 219    30.361 56827.73157730 50.39 150.756162  66.143505   -100 -100.00 -100.00 -100.00
 221    27.970 56847.56284167 49.77 150.745069  66.141356  1.479 -100.00 -100.00 -100.00
 221    27.921 56847.56284226 52.56 150.751552  66.141397 25.270 -100.00 -100.00 -100.00
 221    27.794 56847.56284285 52.61 150.758035  66.141437   -100 -100.00 -100.00 -100.00
 222    26.648 56857.47849392 44.34 150.746215  66.142874   -100 -100.00 -100.00 -100.00
 222    26.432 56857.47849451 45.24 150.752698  66.142914  6.759 -100.00 -100.00 -100.00
 222    26.485 56857.47849510 49.37 150.759182  66.142955   -100 -100.00 -100.00 -100.00
 223    28.860 56867.39414693 43.87 150.741667  66.144757   -100 -100.00 -100.00 -100.00
 223    28.498 56867.39414752 48.54 150.748151  66.144798 19.706 -100.00 -100.00 -100.00
 223    28.480 56867.39414811 51.66 150.754636  66.144838 32.443 -100.00 -100.00 -100.00
 223    28.477 56867.39414870 52.64 150.761120  66.144878   -100 -100.00 -100.00 -100.00
 224    29.137 56877.30979873 41.96 150.741724  66.145101   -100 -100.00 -100.00 -100.00
 224    28.900 56877.30979932 45.21 150.748209  66.145141  0.882 -100.00 -100.00 -100.00
 224    29.112 56877.30979991 48.33 150.754693  66.145182   -100 -100.00 -100.00 -100.00
 224    28.994 56877.30980050 50.61 150.761178  66.145222   -100 -100.00 -100.00 -100.00
 225    29.786 56887.22544753 26.05 150.743585  66.144099 14.690 -100.00 -100.00 -100.00
 225    29.255 56887.22544812 26.24 150.750069  66.144140 15.482 -100.00 -100.00 -100.00
 225    29.810 56887.22544871 25.08 150.756554  66.144180 12.247 -100.00 -100.00 -100.00
 226    31.260 56897.14109367 26.51 150.745964  66.142736 16.110 -100.00 -100.00 -100.00
 226    28.899 56897.14109426 25.84 150.752448  66.142776 15.538 -100.00 -100.00 -100.00
 226    29.365 56897.14109485 24.83 150.758933  66.142816 10.260 -100.00 -100.00 -100.00
 227    28.885 56907.05673669 29.85 150.744374  66.142989 24.587 -100.00 -100.00 -100.00
 227    26.863 56907.05673728 26.97 150.750859  66.143029 17.918 -100.00 -100.00 -100.00
 227    27.856 56907.05673787 28.47 150.757344  66.143069 23.224 -100.00 -100.00 -100.00
 228    29.274 56916.97237769 32.67 150.744194  66.144947   -100 -100.00 -100.00 -100.00
 228    29.012 56916.97237828 27.77 150.750679  66.144988 17.383 -100.00 -100.00 -100.00
 228    27.319 56916.97237887 25.82 150.757164  66.145028 13.919 -100.00 -100.00 -100.00
 231    23.157 56946.71928323 44.09 150.754030  66.146581   -100 -100.00 -100.00 -100.00
 231    23.224 56946.71928382 46.19 150.760515  66.146622   -100 -100.00 -100.00 -100.00
 232    31.166 56956.63493660 28.47 150.746341  66.144551 11.392 -100.00 -100.00 -100.00
 232    25.530 56956.63493719 29.43 150.752825  66.144592 14.928 -100.00 -100.00 -100.00
 232    25.517 56956.63493778 29.62 150.759309  66.144632 15.537 -100.00 -100.00 -100.00
 233    30.992 56966.55058546 21.92 150.747440  66.143642  9.540 -100.00 -100.00 -100.00
 233    30.906 56966.55058605 22.62 150.753924  66.143683 11.030 -100.00 -100.00 -100.00
 233    31.023 56966.55058664 20.21 150.760409  66.143723  6.245 -100.00 -100.00 -100.00
 234    30.624 56976.46622997 18.40 150.747007  66.144460  5.734 -100.00 -100.00 -100.00
 234    31.128 56976.46623056 18.20 150.753492  66.144500  5.237 -100.00 -100.00 -100.00
 234    31.016 56976.46623115 17.59 150.759976  66.144541  4.699 -100.00 -100.00 -100.00
 235    30.639 56986.38186972 18.49 150.743755  66.145646  4.974 -100.00 -100.00 -100.00
 235    30.570 56986.38187031 18.43 150.750240  66.145687  4.994 -100.00 -100.00 -100.00
 235    30.967 56986.38187090 18.01 150.756725  66.145727  4.527 -100.00 -100.00 -100.00
 236    30.586 56996.29750423 18.38 150.745743  66.145401  4.668 -100.00 -100.00 -100.00
 236    30.975 56996.29750482 18.56 150.752228  66.145442  4.963 -100.00 -100.00 -100.00
 236    30.726 56996.29750541 18.67 150.758713  66.145482  5.112 -100.00 -100.00 -100.00
 237    30.977 57006.21314843 18.83 150.747209  66.143452  5.183 -100.00 -100.00 -100.00
 237    30.831 57006.21314902 19.47 150.753694  66.143493  6.254 -100.00 -100.00 -100.00
 237    30.864 57006.21314961 18.77 150.760179  66.143533  5.062 -100.00 -100.00 -100.00
 238    30.580 57016.12880259 19.45 150.743913  66.141328  5.759 -100.00 -100.00 -100.00
 238    30.435 57016.12880319 19.22 150.750398  66.141368  5.716 -100.00 -100.00 -100.00
 238    30.988 57016.12880378 19.23 150.756882  66.141409  5.159 -100.00 -100.00 -100.00
 239    30.696 57026.04445306 18.87 150.743167  66.141033  5.379 -100.00 -100.00 -100.00
 239    30.817 57026.04445365 18.79 150.749651  66.141073  5.409 -100.00 -100.00 -100.00
 239    30.411 57026.04445424 19.33 150.756136  66.141114  6.102 -100.00 -100.00 -100.00
 240    30.789 57035.96010175 18.73 150.745156  66.142978  4.696 -100.00 -100.00 -100.00
 240    30.832 57035.96010234 18.78 150.751640  66.143018  4.759 -100.00 -100.00 -100.00
 240    30.691 57035.96010293 18.92 150.758125  66.143059  4.902 -100.00 -100.00 -100.00
 241    30.214 57045.87574764 19.35 150.744743  66.144948  4.654 -100.00 -100.00 -100.00
 241    30.032 57045.87574823 19.65 150.751228  66.144989  5.964 -100.00 -100.00 -100.00
 241    31.132 57045.87574882 18.81 150.757713  66.145029  3.881 -100.00 -100.00 -100.00
 242    31.197 57055.79139043 18.84 150.746761  66.145474  4.465 -100.00 -100.00 -100.00
 242    31.141 57055.79139102 18.45 150.753246  66.145515  4.047 -100.00 -100.00 -100.00
 242    31.042 57055.79139161 18.54 150.759731  66.145555  4.531 -100.00 -100.00 -100.00
 243    30.256 57065.70702796 18.26 150.747405  66.144132  4.422 -100.00 -100.00 -100.00
 243    30.973 57065.70702855 18.29 150.753889  66.144173  4.703 -100.00 -100.00 -100.00
 243    31.022 57065.70702914 18.40 150.760373  66.144213  4.713 -100.00 -100.00 -100.00
 244    30.184 57075.62266067 18.82 150.745165  66.143078  5.870 -100.00 -100.00 -100.00
 244    30.967 57075.62266126 18.35 150.751649  66.143119  4.472 -100.00 -100.00 -100.00
 244    30.771 57075.62266185 18.76 150.758133  66.143159  5.554 -100.00 -100.00 -100.00
 245    30.696 57085.53829051 18.03 150.745539  66.143375  4.872 -100.00 -100.00 -100.00
 245    29.994 57085.53829110 18.70 150.752023  66.143416  5.420 -100.00 -100.00 -100.00
 245    31.059 57085.53829169 18.40 150.758507  66.143456  5.630 -100.00 -100.00 -100.00
 246    30.209 57095.45394644 18.39 150.744179  66.145418  5.783 -100.00 -100.00 -100.00
 246    30.920 57095.45394703 17.58 150.750664  66.145459  4.471 -100.00 -100.00 -100.00
 246    31.161 57095.45394762 17.62 150.757149  66.145500  3.992 -100.00 -100.00 -100.00
 249    31.396 57125.20090103 16.08 150.751633  66.146397  4.519 -100.00 -100.00 -100.00
 249    31.277 57125.20090162 15.80 150.758118  66.146437  3.670 -100.00 -100.00 -100.00
 250    31.344 57135.11654098 16.08 150.747175  66.144583  5.335 -100.00 -100.00 -100.00
 250    31.276 57135.11654157 15.95 150.753661  66.144624  4.460 -100.00 -100.00 -100.00
 250    31.229 57135.11654216 15.77 150.760145  66.144664  4.186 -100.00 -100.00 -100.00
 251    30.324 57145.03217647 12.32 150.741257  66.143625  4.311 -100.00 -100.00 -100.00
 251    30.860 57145.03217706 12.30 150.747742  66.143666  3.651 -100.00 -100.00 -100.00
 251    31.154 57145.03217765 12.60 150.754227  66.143706  4.187 -100.00 -100.00 -100.00
 251    31.218 57145.03217824 12.70 150.760711  66.143747  4.020 -100.00 -100.00 -100.00
 252    23.218 57154.94781039 13.54 150.745281  66.144151 20.785 -100.00 -100.00 -100.00
 252    29.234 57154.94781098  7.13 150.751765  66.144191  7.552 -100.00 -100.00 -100.00
 252    28.608 57154.94781157  8.94 150.758250  66.144232  8.680 -100.00 -100.00 -100.00
 253    23.349 57164.86344925 37.77 150.744881  66.144975 14.304 -100.00 -100.00 -100.00
 253    23.294 57164.86344984 38.54 150.751366  66.145016 16.557 -100.00 -100.00 -100.00
 253    23.402 57164.86345043 38.87 150.757851  66.145057 14.473 -100.00 -100.00 -100.00
 254    29.048 57174.77910590 44.07 150.744193  66.145093   -100 -100.00 -100.00 -100.00
 254    28.899 57174.77910649 47.63 150.750678  66.145134 11.946 -100.00 -100.00 -100.00
 254    29.028 57174.77910708 46.46 150.757162  66.145174   -100 -100.00 -100.00 -100.00
 255    29.198 57184.69475922 33.43 150.746123  66.143753 32.399 -100.00 -100.00 -100.00
 255    29.265 57184.69475981 33.42 150.752607  66.143793 30.866 -100.00 -100.00 -100.00
 255    29.151 57184.69476040 31.86 150.759091  66.143834 25.644 -100.00 -100.00 -100.00
 256    27.113 57194.61040804 44.58 150.742472  66.141996  8.435 -100.00 -100.00 -100.00
 256    27.266 57194.61040863 43.35 150.748955  66.142036   -100 -100.00 -100.00 -100.00
 256    27.182 57194.61040922 44.38 150.755438  66.142077   -100 -100.00 -100.00 -100.00
 257    26.914 57204.52604362 46.85 150.744399  66.141523 24.717 -100.00 -100.00 -100.00
 257    26.853 57204.52604421 44.02 150.750882  66.141563   -100 -100.00 -100.00 -100.00
 257    26.939 57204.52604480 44.00 150.757365  66.141603   -100 -100.00 -100.00 -100.00
 258    24.536 57214.44168926 38.37 150.746646  66.142895   -100 -100.00 -100.00 -100.00
 258    24.808 57214.44168985 38.04 150.753130  66.142935 26.889 -100.00 -100.00 -100.00
 258    24.833 57214.44169044 41.39 150.759613  66.142975 32.580 -100.00 -100.00 -100.00
 259    24.354 57224.35733289 42.20 150.744010  66.144742   -100 -100.00 -100.00 -100.00
 259    24.133 57224.35733348 42.69 150.750495  66.144782   -100 -100.00 -100.00 -100.00
 259    24.403 57224.35733407 40.51 150.756979  66.144823   -100 -100.00 -100.00 -100.00
 260    29.359 57234.27297476 34.48 150.742272  66.145556   -100 -100.00 -100.00 -100.00
 260    24.429 57234.27297535 29.79 150.748757  66.145597   -100 -100.00 -100.00 -100.00
 260    30.966 57234.27297594 23.11 150.755242  66.145637 11.081 -100.00 -100.00 -100.00
 261    25.228 57244.18861374 42.28 150.743927  66.144923   -100 -100.00 -100.00 -100.00
 261    25.138 57244.18861433 40.18 150.750412  66.144964 14.211 -100.00 -100.00 -100.00
 261    25.125 57244.18861492 33.04 150.756897  66.145004   -100 -100.00 -100.00 -100.00
 262    29.279 57254.10425004 32.46 150.744011  66.143889   -100 -100.00 -100.00 -100.00
 262    31.401 57254.10425063 21.91 150.750496  66.143929  7.946 -100.00 -100.00 -100.00
 262    31.137 57254.10425122 22.47 150.756981  66.143970  8.704 -100.00 -100.00 -100.00
 263    31.252 57264.01988471 29.55 150.741377  66.144109 27.390 -100.00 -100.00 -100.00
 263    31.368 57264.01988530 24.77 150.747862  66.144150 13.524 -100.00 -100.00 -100.00
 263    27.870 57264.01988589 27.22 150.754347  66.144190 21.762 -100.00 -100.00 -100.00
 263    24.945 57264.01988648 29.16 150.760832  66.144231 28.107 -100.00 -100.00 -100.00
 264    24.232 57273.93552448 32.03 150.748367  66.145727   -100 -100.00 -100.00 -100.00
 264    24.343 57273.93552507 27.80 150.754853  66.145767 24.089 -100.00 -100.00 -100.00
 264    29.580 57273.93552566 24.84 150.761338  66.145808 15.665 -100.00 -100.00 -100.00
 267    24.603 57303.68248745 43.41 150.749280  66.146062 24.067 -100.00 -100.00 -100.00
 267    24.027 57303.68248804 47.73 150.755765  66.146102   -100 -100.00 -100.00 -100.00
 268    22.976 57313.59813419 34.52 150.744802  66.144367 20.884 -100.00 -100.00 -100.00
 268    22.880 57313.59813478 38.34 150.751286  66.144407 26.707 -100.00 -100.00 -100.00
 268    22.741 57313.59813537 39.07 150.757771  66.144448   -100 -100.00 -100.00 -100.00
 269    29.084 57323.51377831 30.04 150.746947  66.143669 13.298 -100.00 -100.00 -100.00
 269    30.868 57323.51377890 28.51 150.753431  66.143710 11.033 -100.00 -100.00 -100.00
 269    28.875 57323.51377949 29.99 150.759915  66.143750 13.908 -100.00 -100.00 -100.00
 270    29.633 57333.42942008 26.92 150.744827  66.143983 12.888 -100.00 -100.00 -100.00
 270    30.974 57333.42942067 26.01 150.751312  66.144023 10.761 -100.00 -100.00 -100.00
 270    31.045 57333.42942126 25.16 150.757797  66.144064  8.443 -100.00 -100.00 -100.00
 271    29.296 57343.34505978 23.81 150.741386  66.144640  9.652 -100.00 -100.00 -100.00
 271    29.292 57343.34506037 23.48 150.747871  66.144681  8.438 -100.00 -100.00 -100.00
 271    31.079 57343.34506096 22.12 150.754356  66.144721  6.598 -100.00 -100.00 -100.00
 271    30.876 57343.34506155 23.09 150.760841  66.144761  7.524 -100.00 -100.00 -100.00
 272    29.090 57353.26071272 24.29 150.741314  66.144359 10.068 -100.00 -100.00 -100.00
 272    29.426 57353.26071331 23.46 150.747799  66.144400  8.636 -100.00 -100.00 -100.00
 272    29.520 57353.26071390 23.43 150.754284  66.144440  7.420 -100.00 -100.00 -100.00
 272    30.849 57353.26071449 23.03 150.760770  66.144480  7.479 -100.00 -100.00 -100.00
 273    30.999 57363.17635728 22.60 150.746742  66.143388  7.160 -100.00 -100.00 -100.00
 273    29.844 57363.17635787 23.37 150.753227  66.143428  8.127 -100.00 -100.00 -100.00
 273    30.692 57363.17635846 22.05 150.759712  66.143468  6.071 -100.00 -100.00 -100.00
 274    29.995 57373.09199807 22.45 150.747276  66.142152  5.784 -100.00 -100.00 -100.00
 274    30.898 57373.09199866 22.57 150.753761  66.142193  6.389 -100.00 -100.00 -100.00
 274    30.693 57373.09199925 22.65 150.760246  66.142233  7.040 -100.00 -100.00 -100.00
 275    30.724 57383.00763650 21.44 150.741863  66.142123  5.328 -100.00 -100.00 -100.00
 275    30.014 57383.00763709 21.61 150.748348  66.142164  5.551 -100.00 -100.00 -100.00
 275    30.933 57383.00763768 22.17 150.754833  66.142204  6.345 -100.00 -100.00 -100.00
 275    30.850 57383.00763827 22.47 150.761318  66.142244  7.146 -100.00 -100.00 -100.00
 276    30.255 57392.92327529 21.72 150.745108  66.143143  5.352 -100.00 -100.00 -100.00
 276    30.840 57392.92327588 22.35 150.751593  66.143184  5.800 -100.00 -100.00 -100.00
 276    30.757 57392.92327647 22.19 150.758078  66.143224  6.332 -100.00 -100.00 -100.00
 277    30.242 57402.83891302 19.52 150.746827  66.144441  4.812 -100.00 -100.00 -100.00
 277    30.368 57402.83891361 19.06 150.753312  66.144482  4.164 -100.00 -100.00 -100.00
 277    30.929 57402.83891420 19.22 150.759797  66.144522  4.473 -100.00 -100.00 -100.00
 278    30.148 57412.75455680 19.42 150.743740  66.144938  5.174 -100.00 -100.00 -100.00
 278    30.124 57412.75455739 20.11 150.750225  66.144979  5.628 -100.00 -100.00 -100.00
 278    30.976 57412.75455798 19.21 150.756710  66.145019  4.685 -100.00 -100.00 -100.00
 279    30.137 57422.67020829 19.09 150.741599  66.144711  5.231 -100.00 -100.00 -100.00
 279    30.228 57422.67020888 19.41 150.748084  66.144752  5.975 -100.00 -100.00 -100.00
 279    30.247 57422.67020947 19.14 150.754568  66.144792  4.502 -100.00 -100.00 -100.00
 279    30.715 57422.67021006 19.35 150.761053  66.144832  4.647 -100.00 -100.00 -100.00
 280    30.122 57432.58585775 18.86 150.747436  66.144653  5.040 -100.00 -100.00 -100.00
 280    30.096 57432.58585834 18.79 150.753920  66.144694  4.679 -100.00 -100.00 -100.00
 280    30.581 57432.58585893 19.28 150.760405  66.144734  5.121 -100.00 -100.00 -100.00
 281    30.021 57442.50150469 17.78 150.745836  66.145256  4.911 -100.00 -100.00 -100.00
 281    31.110 57442.50150528 17.99 150.752321  66.145297  4.585 -100.00 -100.00 -100.00
 281    31.059 57442.50150587 17.64 150.758806  66.145337  4.134 -100.00 -100.00 -100.00
 282    31.123 57452.41715141 17.37 150.749557  66.146301  3.731 -100.00 -100.00 -100.00
 282    31.167 57452.41715200 17.43 150.756042  66.146341  3.744 -100.00 -100.00 -100.00
 284    31.189 57472.24843750 16.73 150.751070  66.146393  3.826 -100.00 -100.00 -100.00
 284    31.031 57472.24843809 17.09 150.757555  66.146433  4.795 -100.00 -100.00 -100.00
 285    31.212 57482.16407433 17.34 150.745613  66.145219  4.401 -100.00 -100.00 -100.00
 285    31.127 57482.16407492 17.19 150.752098  66.145260  4.230 -100.00 -100.00 -100.00
 285    31.144 57482.16407551 17.23 150.758584  66.145300  3.925 -100.00 -100.00 -100.00
 286    30.765 57492.07970849 17.01 150.744223  66.144107  5.145 -100.00 -100.00 -100.00
 286    30.984 57492.07970908 17.40 150.750708  66.144147  5.336 -100.00 -100.00 -100.00
 286    30.865 57492.07970967 17.21 150.757193  66.144188  5.033 -100.00 -100.00 -100.00
 287    29.965 57501.99534061 17.14 150.742843  66.143942  6.591 -100.00 -100.00 -100.00
 287    30.579 57501.99534120 17.02 150.749327  66.143983  4.984 -100.00 -100.00 -100.00
 287    31.053 57501.99534179 16.70 150.755812  66.144024  5.034 -100.00 -100.00 -100.00
 288    29.578 57511.91099034 16.96 150.743718  66.144147 17.297 -100.00 -100.00 -100.00
 288    29.585 57511.91099093 16.12 150.750203  66.144188 16.250 -100.00 -100.00 -100.00
 288    28.284 57511.91099152 17.01 150.756688  66.144228 17.437 -100.00 -100.00 -100.00
 289    23.128 57521.82664588 33.13 150.746573  66.144180   -100 -100.00 -100.00 -100.00
 289    23.001 57521.82664647 32.17 150.753058  66.144220   -100 -100.00 -100.00 -100.00
 289    27.573 57521.82664706 30.99 150.759542  66.144261 31.771 -100.00 -100.00 -100.00
 290    28.944 57531.74229845 45.62 150.743494  66.143608 12.247 -100.00 -100.00 -100.00
 290    28.956 57531.74229904 55.72 150.749978  66.143649 13.594 -100.00 -100.00 -100.00
 290    29.089 57531.74229963 52.41 150.756462  66.143689   -100 -100.00 -100.00 -100.00
 291    28.912 57541.65794836 30.13 150.747525  66.142836 15.549 -100.00 -100.00 -100.00
 291    28.331 57541.65794895 30.93 150.754009  66.142876 13.337 -100.00 -100.00 -100.00
 291    28.497 57541.65794954 30.22 150.760493  66.142916 12.248 -100.00 -100.00 -100.00
 292    25.022 57551.57359480 52.95 150.744849  66.142422   -100 -100.00 -100.00 -100.00
 292    25.263 57551.57359539 51.96 150.751332  66.142463   -100 -100.00 -100.00 -100.00
 292    25.131 57551.57359598 53.56 150.757816  66.142503  0.552 -100.00 -100.00 -100.00
 293    24.079 57561.48923996 32.67 150.744028  66.142869   -100 -100.00 -100.00 -100.00
 293    31.694 57561.48924055 23.31 150.750512  66.142909  7.836 -100.00 -100.00 -100.00
 293    31.053 57561.48924114 24.35 150.756996  66.142950  9.861 -100.00 -100.00 -100.00
 294    25.144 57571.40488487 45.50 150.745137  66.143851   -100 -100.00 -100.00 -100.00
 294    24.879 57571.40488546 51.09 150.751621  66.143891   -100 -100.00 -100.00 -100.00
 294    24.574 57571.40488605 52.67 150.758105  66.143931   -100 -100.00 -100.00 -100.00
 295    31.533 57581.32052959 26.23 150.745275  66.144530 15.913 -100.00 -100.00 -100.00
 295    31.194 57581.32053018 24.19 150.751760  66.144571 12.920 -100.00 -100.00 -100.00
 295    28.015 57581.32053077 26.31 150.758244  66.144611 19.292 -100.00 -100.00 -100.00
 296    28.891 57591.23617258 33.92 150.745969  66.144705 21.818 -100.00 -100.00 -100.00
 296    24.512 57591.23617317 33.00 150.752454  66.144746 20.729 -100.00 -100.00 -100.00
 296    24.641 57591.23617376 29.17 150.758938  66.144786 10.256 -100.00 -100.00 -100.00
 297    29.430 57601.15181273 30.16 150.745238  66.144652 23.091 -100.00 -100.00 -100.00
 297    25.257 57601.15181332 34.66 150.751723  66.144692   -100 -100.00 -100.00 -100.00
 297    25.599 57601.15181391 27.08 150.758208  66.144733 16.597 -100.00 -100.00 -100.00
