# NaN NaN NaN ;Mean Elev.(m), Avg Gradient(m/km), RMS Gradient(m/km) - SRTM1     
#    8.356  -0.824   7.597 ;Mean Elev.(m), Avg Gradient(m/km), RMS Gradient(m/km) - ASTER GDEM
#   40.715  -0.283   7.005 ;Mean Elev.(m), Avg Gradient(m/km), RMS Gradient(m/km) - GMTED2010 
   2 150.949632  66.132700    24.238    23.173  8 54673.07044130 42.306
   4 150.950248  66.134562    28.562    28.587  5 54692.90172714 28.713
   6 150.950454  66.132124    27.417    28.997 10 54712.73301593 29.184
   8 150.955433  66.129541    25.781    24.470 12 54732.56431572 46.563
   9 150.953891  66.130307    24.828    24.812 11 54742.47996242 47.825
  10 150.952957  66.131073    22.756    22.742 11 54752.39560898 49.943
  11 150.950531  66.130949    22.252    22.247 11 54762.31125510 46.534
  12 150.952385  66.129568    22.368    21.958 12 54772.22689914 40.451
  13 150.956954  66.128406    22.030    21.638 12 54782.14254048 39.167
  14 150.958063  66.128364    28.510    29.190 12 54792.05817901 29.586
  15 150.953188  66.129834    28.138    28.606 12 54801.97381590 29.605
  16 150.952648  66.131169    29.094    29.074 11 54811.88945309 27.971
  17 150.951285  66.131762    29.962    30.021 10 54821.80509460 23.615
  18 150.953178  66.131293    29.695    29.633 10 54831.72074687 23.447
  19 150.952263  66.131330    29.944    29.900 11 54841.63638544 23.049
  20 150.953438  66.132365    29.336    29.269  9 54851.55203448 22.955
  21 150.951706  66.133951    29.234    29.349  7 54861.46768289 22.786
  22 150.949800  66.134705    28.307    28.344  6 54871.38333131 22.399
  23 150.950845  66.133468    29.229    29.030  8 54881.29897841 21.994
  24 150.951093  66.130907    29.497    29.675 10 54891.21462218 20.599
  25 150.954547  66.128729    29.476    29.193 13 54901.13026331 20.706
  26 150.953002  66.128885    29.848    29.301 13 54911.04590218 19.190
  27 150.951206  66.130521    29.711    29.408 11 54920.96153986 18.641
  28 150.949628  66.131693    29.379    29.330 10 54930.87717701 19.443
  29 150.951096  66.130930    28.833    28.802 10 54940.79281311 17.523
  30 150.955689  66.129047    29.365    29.197 12 54950.70844787 17.546
  31 150.949452  66.127810    23.897    23.880 10 54960.62408751 40.395
  32 150.952817  66.128437    24.409    24.422 11 54970.53973645 43.168
  33 150.952973  66.130208    28.149    28.113 11 54980.45538390 53.743
  35 150.951770  66.131859    30.606    30.447 10 55000.28667799 24.166
  36 150.948044  66.131637    24.183    24.171 10 55010.20232290 49.842
  37 150.951955  66.131383    26.293    28.008 10 55020.11796691 27.752
  38 150.948277  66.132444    23.723    23.117  9 55030.03360902 45.472
  39 150.950663  66.133766    22.552    22.615  7 55039.94925104 53.077
  40 150.948111  66.134542    25.595    25.544  6 55049.86489126 33.904
  41 150.949136  66.133315    25.137    25.644  8 55059.78052969 35.367
  42 150.947019  66.130776    23.611    23.597 10 55069.69616987 55.478
  43 150.953031  66.128444    28.937    28.931 11 55079.61181993 39.042
  44 150.958134  66.128239    26.732    26.814 12 55089.52746790 54.445
  45 150.953142  66.129981    27.138    27.838 11 55099.44311374 28.189
  46 150.950418  66.131699    23.386    22.329 10 55109.35875927 37.629
  47 150.951362  66.131365    25.664    26.463 11 55119.27440380 42.859
  48 150.951702  66.129248    25.149    25.438 12 55129.19004580 32.145
  49 150.947832  66.127415    27.560    26.986 12 55139.10568538 25.534
  50 150.955911  66.127670    27.202    27.305 11 55149.02132474 19.479
  51 150.952389  66.130056    28.530    28.482 11 55158.93696264 17.990
  52 150.952787  66.132193    29.195    29.441  9 55168.85260060 17.782
  53 150.951206  66.132802    29.356    29.298  9 55178.76823747 17.416
  54 150.951352  66.131857    29.202    28.860 10 55188.68388315 18.378
  55 150.950532  66.131437    29.030    28.611 10 55198.59953374 18.332
  56 150.950303  66.132224    29.231    29.104 10 55208.51518346 18.514
  57 150.950875  66.133601    28.790    28.799  7 55218.43083273 17.912
  58 150.949791  66.133816    28.751    28.824  7 55228.34648108 18.399
  59 150.952764  66.132364    29.327    29.128  9 55238.26212680 18.419
  60 150.954885  66.129814    28.907    28.805 12 55248.17776890 18.419
  61 150.951771  66.128091    29.740    29.568 13 55258.09340811 17.439
  62 150.958756  66.128173    29.374    29.112 12 55268.00904744 18.020
  63 150.951114  66.129999    29.342    28.870 12 55277.92468504 17.903
  64 150.952614  66.131200    29.326    29.241 10 55287.84032224 16.088
  65 150.951536  66.130961    28.839    28.890 10 55297.75595685 16.751
  66 150.952763  66.129112    30.289    30.018 13 55307.67159905 16.198
  67 150.952610  66.127673    30.201    30.402 11 55317.58724546 11.911
  68 150.954751  66.127996    23.343    22.359 11 55327.50289094 37.015
  69 150.952914  66.130005    28.704    28.697 12 55337.41853524 50.915
  70 150.952486  66.131971    30.386    30.599 10 55347.33417919 29.872
  71 150.949834  66.132712    30.145    30.208  9 55357.24982137 28.500
  72 150.948989  66.132419    24.859    24.879  9 55367.16546169 41.959
  73 150.949990  66.131967    30.855    31.123 10 55377.08110072 24.519
  74 150.948583  66.132308    24.795    24.783  9 55386.99673867 49.937
  75 150.950423  66.132965    22.870    22.894  8 55396.91237601 56.062
  76 150.949219  66.133103    27.532    28.319  8 55406.82801844 29.787
  77 150.950121  66.131891    23.374    22.736 10 55416.74366971 31.917
  78 150.950659  66.129764    24.424    24.390 12 55426.65931756 53.487
  79 150.954500  66.128293    28.354    28.580 11 55436.57496301 41.830
  80 150.957231  66.128416    26.110    25.258 13 55446.49060702 45.475
  81 150.953981  66.129741    30.634    31.014 12 55456.40624995 27.962
  82 150.952244  66.130932    29.054    28.497 11 55466.32189232 29.795
  83 150.949527  66.130710    24.472    24.459 11 55476.23753150 45.793
  84 150.951355  66.129303    22.746    22.755 12 55486.15316793 49.852
  85 150.953120  66.128066    22.800    22.097 11 55496.06880220 36.450
  86 150.954861  66.128665    24.319    25.075 13 55505.98443738 35.139
  87 150.952792  66.130404    23.960    22.645 12 55515.90008772 33.073
  88 150.951565  66.132149    28.765    28.564 10 55525.81573721 28.087
  89 150.949507  66.132800    29.021    28.949  8 55535.73138465 26.647
  90 150.951589  66.132492    29.559    29.286  9 55545.64703035 23.253
  91 150.952143  66.132320    28.866    29.107  9 55555.56267407 24.215
  92 150.952200  66.132667    29.331    28.679  9 55565.47831682 21.502
  93 150.950582  66.132830    29.436    29.233  8 55575.39395881 20.703
  94 150.951122  66.131952    29.278    29.035  9 55585.30959932 21.209
  95 150.954351  66.130404    29.821    30.318 11 55595.22523678 21.609
  96 150.954429  66.129152    30.003    30.105 13 55605.14087071 21.311
  97 150.952507  66.128878    29.949    29.623 13 55615.05650238 21.140
  98 150.950310  66.129552    30.052    30.027 12 55624.97214217 21.231
  99 150.951476  66.130136    29.415    29.251 11 55634.88779465 21.505
 100 150.953831  66.130169    29.974    30.342 11 55644.80344506 19.490
 101 150.951800  66.129653    29.673    29.671 12 55654.71909227 20.612
 102 150.952832  66.128896    30.203    30.478 12 55664.63473523 18.174
 103 150.954222  66.128760    31.027    31.336 13 55674.55037525 15.315
 104 150.953962  66.129582    27.606    27.553 12 55684.46601349 16.692
 105 150.950407  66.130979    23.676    23.698 11 55694.38165022 27.852
 106 150.950934  66.132108    24.887    24.112 10 55704.29728594 35.701
 107 150.950017  66.132459    31.738    31.577  9 55714.21293211 31.398
 108 150.951832  66.132420    31.483    31.581  9 55724.12858136 29.844
 109 150.950238  66.132654    31.268    31.295  9 55734.04422835 48.626
 110 150.949687  66.132983    27.126    27.148  8 55743.95987417 54.994
 111 150.951638  66.132685    27.154    27.210  9 55753.87551875 55.786
 112 150.950507  66.131369    26.169    26.114 10 55763.79116077 54.243
 113 150.952426  66.129633    24.979    24.956 12 55773.70680027 50.885
 114 150.951358  66.128492    25.955    24.917 11 55783.62243610 30.276
 115 150.955509  66.128990    27.695    27.705 12 55793.53806994 55.796
 116 150.952312  66.130310    29.600    29.489 12 55803.45370544 30.136
 117 150.953662  66.130915    30.289    30.538 11 55813.36935529 27.784
 118 150.953996  66.130268    26.932    26.854 11 55823.28500318 36.042
 119 150.952186  66.129121    30.425    30.710 12 55833.20064612 27.144
 120 150.957296  66.128466    23.248    23.244 12 55843.11628547 51.302
 121 150.952198  66.129278    22.099    21.969 12 55853.03192083 46.170
 122 150.949559  66.131043    22.432    22.437 11 55862.94755631 36.738
 123 150.950200  66.132228    22.259    22.009 10 55872.86321050 35.469
 124 150.949726  66.132494    23.951    23.893  9 55882.77885956 29.639
 125 150.950594  66.132219    24.407    24.105 10 55892.69450234 29.369
 126 150.949424  66.132175    25.496    25.065 10 55902.61013929 27.446
 127 150.951399  66.132768    28.410    28.265  9 55912.52577553 21.124
 128 150.948783  66.133380    28.579    28.619  8 55922.44142958 20.663
 129 150.950532  66.132924    28.726    28.683  8 55932.35708122 20.083
 130 150.949424  66.131015    28.615    28.586 11 55942.27272837 19.317
 131 150.955055  66.128657    29.259    29.271 13 55952.18837178 18.792
 132 150.948847  66.127938    29.061    28.937 12 55962.10401065 18.789
 133 150.954928  66.128962    29.037    29.177 12 55972.01964853 18.348
 134 150.953019  66.130899    28.762    28.824 11 55981.93528444 18.393
 136 150.952583  66.130413    28.106    28.116 11 56001.76656601 18.016
 137 150.955608  66.128565    28.799    28.979 13 56011.68221631 17.659
 138 150.956378  66.128090    28.811    28.880 11 56021.59786269 17.232
 139 150.954439  66.129423    28.877    28.639 12 56031.51350592 15.871
 140 150.950925  66.131706    28.402    28.515  9 56041.42914694 14.319
 141 150.948183  66.133100    28.444    28.521  8 56051.34478572 13.920
 142 150.950772  66.133124    24.260    24.265  7 56061.26042224 39.549
 143 150.951468  66.132121    31.673    31.926  9 56071.17606050 32.852
 144 150.953419  66.131629    31.607    31.271 10 56081.09171132 27.422
 145 150.950364  66.132246    30.902    30.680  9 56091.00735903 26.328
 146 150.948547  66.133291    29.224    29.421  8 56100.92300447 30.663
 147 150.949139  66.132989    30.442    30.282  8 56110.83863594 25.158
 148 150.951437  66.131053    24.718    24.699 10 56120.75427588 56.379
 149 150.954852  66.128618    27.414    27.657 13 56130.66991221 30.278
 150 150.954978  66.127673    27.011    27.017 11 56140.58554610 39.269
 151 150.954750  66.128998    24.457    24.440 12 56150.50119705 56.650
 152 150.950029  66.131213    29.779    30.124 11 56160.41684569 29.425
 153 150.950551  66.132062    27.356    27.308  9 56170.33249325 55.633
 154 150.952010  66.130778    29.385    29.672 10 56180.24813704 27.445
 155 150.955935  66.128855    25.550    24.568 13 56190.16377703 43.651
 156 150.949194  66.128324    26.715    26.207 12 56200.07941311 41.511
 157 150.953400  66.129938    22.731    22.706 11 56209.99504771 48.223
 158 150.949183  66.132527    22.293    22.298  9 56219.91067970 50.306
 159 150.950666  66.134078    25.369    24.235  7 56229.82632901 37.047
 160 150.950915  66.133617    25.651    24.267  7 56239.74198242 32.418
 161 150.952582  66.132426    28.478    28.951  9 56249.65763203 26.338
 162 150.948467  66.131591    26.938    27.411 10 56259.57327629 27.132
 163 150.950401  66.132036    28.935    28.687  9 56269.48891838 23.628
 164 150.948747  66.132722    28.090    27.981  9 56279.40455840 24.066
 165 150.951151  66.132724    29.453    29.355  9 56289.32020924 19.958
 166 150.950149  66.131010    29.475    29.256 11 56299.23585757 19.764
 167 150.954360  66.128720    29.326    29.472 13 56309.15150242 19.774
 168 150.954035  66.127673    29.413    29.903 11 56319.06714443 19.260
 169 150.952641  66.128973    29.193    29.025 13 56328.98278531 19.266
 170 150.951845  66.131067    29.090    29.092 10 56338.89842538 18.845
 171 150.951048  66.132176    28.828    28.832  9 56348.81406341 18.803
 172 150.950012  66.131186    29.106    29.312 11 56358.72969847 18.362
 173 150.953427  66.129244    29.454    29.861 13 56368.64534951 15.957
 175 150.953781  66.130295    29.481    29.456 11 56388.47664279 16.257
 176 150.950752  66.132815    29.430    29.053  8 56398.39228588 15.008
 177 150.950282  66.134284    29.899    30.064  7 56408.30792678 11.831
 178 150.950849  66.133926    23.356    22.659  7 56418.22356358 38.704
 179 150.948852  66.132630    32.317    32.241  9 56428.13919572 32.413
 180 150.951401  66.131665    31.824    31.474 10 56438.05484990 27.704
 181 150.951336  66.131764    30.962    30.483 10 56447.97050123 31.563
 182 150.953497  66.132356    29.549    28.701  9 56457.88615054 30.247
 183 150.951910  66.132039    31.117    30.908 10 56467.80179626 27.295
 184 150.954535  66.130745    30.227    30.169 11 56477.71743831 27.289
 185 150.953027  66.129099    25.569    25.065 13 56487.63307621 47.893
 186 150.956214  66.128576    27.749    26.654 12 56497.54871193 30.286
 187 150.951515  66.129523    26.006    25.873 12 56507.46434567 40.595
 188 150.951767  66.131154    28.631    28.585 11 56517.37998259 51.699
 189 150.951534  66.131803    30.576    30.404 10 56527.29563689 30.223
 190 150.950351  66.131309    30.914    30.968 10 56537.21128686 29.020
 192 150.953894  66.129892    28.148    28.572 12 56557.04257694 28.029
 193 150.951104  66.131115    24.568    24.550 11 56566.95821926 51.651
 194 150.952589  66.133061    22.813    22.809  8 56576.87386064 49.468
 195 150.950610  66.134252    27.912    27.935  6 56586.78949827 32.626
 196 150.950637  66.133977    28.639    28.221  7 56596.70513799 29.230
 197 150.951743  66.132758    29.599    28.938  9 56606.62079006 26.477
 198 150.950543  66.131936    30.272    30.266 10 56616.53643702 24.313
 199 150.951728  66.131786    30.167    30.130 10 56626.45208070 23.084
 200 150.952246  66.131868    30.107    30.444 10 56636.36772157 23.096
 201 150.950207  66.131528    30.143    30.109 10 56646.28336167 22.860
 202 150.952051  66.130459    30.333    30.356 11 56656.19901414 22.442
 203 150.953496  66.129253    30.326    30.212 13 56666.11466224 21.914
 204 150.954825  66.129111    30.178    30.003 13 56676.03030768 21.812
 205 150.953953  66.129986    29.686    29.593 11 56685.94595185 20.063
 206 150.950602  66.131104    29.697    29.554 10 56695.86159380 20.714
 207 150.951137  66.131459    30.134    30.038 11 56705.77723157 20.235
 208 150.952373  66.130975    30.034    29.975 10 56715.69286391 19.486
 210 150.952921  66.130873    29.634    29.483 11 56735.52416710 18.792
 211 150.950255  66.132410    29.324    29.059  9 56745.43981305 18.825
 212 150.950454  66.133639    29.891    29.863  8 56755.35545500 19.164
 213 150.951223  66.133876    30.252    30.336  6 56765.27109138 16.162
 214 150.949750  66.133175    30.075    29.976  8 56775.18672969 15.029
 215 150.952995  66.132475    30.313    31.114  9 56785.10238679  8.129
 216 150.952099  66.132310    25.096    24.137  9 56795.01803987 25.265
 217 150.951786  66.132305    29.191    29.263  9 56804.93368915 39.668
 218 150.949267  66.131812    33.498    33.476 10 56814.84933126 54.274
 219 150.953743  66.130624    30.127    30.135 11 56824.76497053 35.346
 221 150.950516  66.129628    28.295    28.271 12 56844.59623689 44.250
 222 150.953064  66.130321    29.422    29.715 12 56854.51188181 25.573
 223 150.952949  66.131105    30.231    30.416 10 56864.42753549 29.367
 224 150.950632  66.131320    29.029    28.450 10 56874.34318828 28.905
 225 150.950567  66.131026    26.475    26.475 11 56884.25883812 39.308
 226 150.949298  66.130684    29.977    30.190 11 56894.17448468 30.663
 227 150.952624  66.130910    29.726    30.090 11 56904.09012846 28.032
 228 150.951368  66.132112    29.791    30.218 10 56914.00576979 28.509
 229 150.951774  66.133420    25.786    26.133  8 56923.92140953 35.338
 230 150.950112  66.134134    23.796    23.764  7 56933.83704649 48.587
 231 150.950122  66.133730    22.427    22.402  7 56943.75267833 54.313
 232 150.952285  66.132576    21.687    21.692  9 56953.66832561 46.677
 233 150.952613  66.131839    25.675    25.387 10 56963.58397587 27.808
 234 150.950480  66.132153    26.993    26.891 10 56973.49962112 23.136
 235 150.951074  66.132671    28.913    28.826  8 56983.41526229 18.084
 236 150.950325  66.132255    29.115    29.012  9 56993.33089858 18.284
 237 150.951284  66.130614    29.905    30.088 11 57003.24653528 18.610
 238 150.955766  66.128955    29.353    29.272 12 57013.16219229 19.091
 239 150.953599  66.128805    30.216    30.023 12 57023.07784330 18.590
 240 150.952762  66.130417    30.002    29.778 11 57032.99349181 18.129
 241 150.950138  66.131951    29.212    29.243 10 57042.90913791 18.478
 242 150.950428  66.132176    29.016    28.806  9 57052.82478198 18.403
 243 150.952381  66.131014    29.491    29.169 11 57062.74042178 18.107
 244 150.952476  66.130222    29.807    29.614 11 57072.65605618 18.519
 245 150.951415  66.130957    29.853    29.923 10 57082.57168652 17.511
 246 150.948535  66.132977    29.896    29.862  8 57092.48733307 17.476
 247 150.951773  66.134679    29.019    28.919  5 57102.40299050 17.338
 248 150.949733  66.134814    29.511    29.417  6 57112.31864388 16.190
 249 150.952079  66.133254    29.740    29.275  8 57122.23429175 16.279
 250 150.953989  66.131529    29.893    29.996 10 57132.14993405 15.678
 251 150.951624  66.131223    29.319    29.078 10 57142.06557106 13.761
 252 150.949779  66.132270    28.076    28.519 10 57151.98120503 14.309
 253 150.950281  66.133089    24.435    22.924  8 57161.89683573 23.486
 254 150.953788  66.132381    28.943    28.901  9 57171.81249352 42.019
 255 150.950901  66.130483    28.699    28.708 11 57181.72814783 55.733
 256 150.955228  66.128704    31.223    31.440 12 57191.64379890 28.786
 257 150.953680  66.128854    30.522    30.615 13 57201.55944649 25.598
 258 150.952064  66.130589    27.141    28.252 12 57211.47508043 32.148
 259 150.949093  66.132388    23.970    23.522  9 57221.39072395 37.262
 260 150.952901  66.132550    28.842    28.485  9 57231.30636679 29.374
 261 150.950945  66.131714    24.488    24.525 10 57241.22200664 43.104
 262 150.951734  66.130689    29.334    29.160 11 57251.13764410 25.525
 263 150.949480  66.131296    29.237    29.515 10 57261.05327930 26.364
 264 150.950674  66.133178    25.180    25.578  8 57270.96891355 36.729
 265 150.953353  66.134977    24.316    24.365  5 57280.88456899 54.742
 266 150.948071  66.135164    25.025    24.133  5 57290.80022377 44.693
 267 150.950004  66.133468    26.460    26.680  8 57300.71587619 37.110
 268 150.950666  66.131228    22.433    22.431 11 57310.63152479 51.314
 269 150.952627  66.130327    22.204    22.209 12 57320.54717013 39.043
 270 150.952593  66.131208    21.756    21.773 10 57330.46281261 36.154
 271 150.949926  66.132748    24.136    22.172  8 57340.37845270 29.555
 272 150.950841  66.132586    23.239    21.775  8 57350.29410301 27.727
 273 150.950332  66.130695    22.480    21.960 11 57360.20974816 27.420
 274 150.948748  66.128550    26.138    27.286 12 57370.12539007 25.019
 275 150.951215  66.128385    26.874    27.365 11 57380.04102999 24.087
 276 150.952950  66.130375    26.931    27.582 12 57389.95666873 24.243
 277 150.950462  66.132597    29.430    29.292  9 57399.87230613 19.513
 278 150.950512  66.133132    29.187    29.333  7 57409.78794485 19.695
 279 150.950257  66.131903    29.581    29.421 10 57419.70359739 19.290
 280 150.951511  66.130890    29.379    29.256 11 57429.61924749 18.939
 281 150.952711  66.131450    30.089    30.080 10 57439.53489535 17.729
 282 150.949850  66.133387    29.750    29.622  8 57449.45054172 17.796
 283 150.949512  66.134835    29.196    29.161  6 57459.36618698 17.770
 284 150.951273  66.134678    29.525    29.756  6 57469.28182932 17.712
 285 150.948727  66.132982    29.843    29.837  8 57479.19746725 17.259
 286 150.951657  66.131120    30.096    29.956 10 57489.11310261 16.691
 287 150.952751  66.130454    30.003    30.049 11 57499.02873579 16.821
 288 150.950408  66.131333    30.994    31.104 10 57508.94437823  5.883
 289 150.950723  66.132095    28.736    28.794  9 57518.86003424 17.847
 290 150.951224  66.132116    29.151    29.106  9 57528.77568743 46.884
 291 150.952505  66.130682    27.281    27.274 11 57538.69133768 56.214
 292 150.951873  66.129190    25.096    25.080 12 57548.60698510 41.609
 293 150.954266  66.128825    25.378    23.901 13 57558.52263141 41.627
 294 150.953673  66.130276    27.318    28.605 11 57568.43827658 27.963
 295 150.952209  66.132063    25.252    24.982 10 57578.35392110 39.474
 296 150.951687  66.132943    28.008    28.435  8 57588.26956426 34.955
 297 150.949244  66.132550    29.604    29.732  9 57598.18520470 28.193
