-126161.378   381.871     0.00   23.76
-125875.102   381.284    -2.05   21.70
-125588.824   379.153    -7.44   18.51
-125302.545   376.100   -10.66   16.85
-125016.264   376.389     1.01   18.16
-124729.981   380.444    14.17   24.94
-124443.697   381.095     2.27   28.76
-124157.411   379.049    -7.15   32.05
-123871.123   373.685   -18.74   35.70
-123584.834   366.284   -25.85   38.64
-123298.542   357.833   -29.52   38.44
-123012.249   350.625   -25.18   33.78
-122725.955   349.804    -2.87   31.67
-122439.659   360.103    35.97   42.33
-122153.361   377.681    61.40   52.14
-121867.061   400.142    78.45   55.90
-121580.760   422.125    76.78   53.57
-121294.457   442.010    69.46   46.00
-121008.152   456.239    49.70   35.81
-120721.846   462.857    23.12   30.01
-120435.538   461.596    -4.40   29.52
-120149.228   455.101   -22.68   32.47
-119862.917   445.439   -33.75   35.05
-119576.604   432.910   -43.76   35.33
-119290.289   420.590   -43.03   33.04
-119003.972   409.663   -38.17   29.08
-118717.654   398.987   -37.28   23.14
-118431.334   389.661   -32.57   17.49
-118145.013   381.540   -28.36   13.37
-117858.690   375.354   -21.61   11.47
-117572.365   369.982   -18.76   11.58
-117286.038   365.165   -16.82   10.72
-116999.710   361.172   -13.95    9.13
-116713.380   358.053   -10.89    6.86
-116427.048   355.318    -9.55    5.98
-116140.715   352.389   -10.23    6.40
-115854.380   349.649    -9.57    7.65
-115568.043   347.283    -8.27    8.79
-115281.704   343.692   -12.54    9.89
-114995.364   341.278    -8.43   10.15
-114709.022   340.940    -1.18   11.61
-114422.679   341.634     2.42   12.54
-114136.334   342.361     2.54   13.06
-113849.987   343.559     4.18   13.27
-113563.638   344.190     2.20   13.56
-113277.288   342.825    -4.77   15.58
-112990.936   339.592   -11.29   17.44
-112704.582   333.789   -20.26   15.79
-112418.227   329.957   -13.38   14.15
-112131.870   330.410     1.58   13.99
-111845.511   333.623    11.22   14.57
-111559.151   337.070    12.04   14.97
-111272.789   339.403     8.15   14.16
-110986.425   340.818     4.94   11.78
-110700.060   342.479     5.80   11.30
-110413.693   341.667    -2.84   13.04
-110127.324   337.299   -15.25   15.34
-109840.953   330.567   -23.51   16.91
-109554.581   323.955   -23.09   17.88
-109268.207   318.341   -19.61   18.57
-108981.831   312.153   -21.61   19.21
-108695.454   307.850   -15.02   19.55
-108409.075   304.966   -10.07   20.41
-108122.694   303.058    -6.66   20.69
-107836.312   301.839    -4.26   20.97
-107549.928   301.649    -0.66   20.45
-107263.542   303.432     6.22   18.48
-106977.155   303.658     0.79   18.36
-106690.766   303.473    -0.65   17.45
-106404.375   301.930    -5.39   18.67
-106117.982   299.171    -9.63   21.74
-105831.588   293.708   -19.07   24.00
-105545.192   288.946   -16.63   25.15
-105258.795   281.688   -25.34   27.06
-104972.396   274.724   -24.31   28.20
-104685.995   269.016   -19.93   27.40
-104399.592   265.220   -13.26   26.25
-104113.188   263.039    -7.61   27.03
-103826.782   264.417     4.81   28.68
-103540.374   266.710     8.01   28.63
-103253.964   268.473     6.16   28.11
-102967.553   269.254     2.73   26.61
-102681.141   268.861    -1.37   26.03
-102394.726   267.361    -5.24   26.43
-102108.310   262.909   -15.54   26.58
-101821.892   259.662   -11.34   25.60
-101535.473   256.519   -10.97   26.23
-101249.051   253.051   -12.11   28.46
-100962.628   249.354   -12.91   29.84
-100676.204   243.816   -19.33   28.63
-100389.777   238.104   -19.94   27.66
-100103.349   232.772   -18.62   28.13
 -99816.920   229.091   -12.85   27.38
 -99530.488   225.978   -10.87   26.33
 -99244.055   222.162   -13.32   22.86
 -98957.621   219.297   -10.00   20.88
 -98671.184   218.360    -3.27   21.88
 -98384.746   217.466    -3.12   22.84
 -98098.306   219.966     8.73   25.14
 -97811.865   219.996     0.10   23.80
 -97525.421   220.443     1.56   24.15
 -97238.976   220.882     1.53   24.31
 -96952.530   223.287     8.40   25.76
 -96666.082   223.858     1.99   25.63
 -96379.632   221.465    -8.36   23.90
 -96093.180   218.734    -9.53   21.72
 -95806.727   219.368     2.21   19.62
 -95520.271   220.459     3.81   18.58
 -95233.815   219.474    -3.44   16.89
 -94947.356   216.134   -11.66   17.39
 -94660.896   215.445    -2.40   18.06
 -94374.434   216.459     3.54   19.37
 -94087.971   216.311    -0.51   21.22
 -93801.506   215.917    -1.38   24.06
 -93515.039   218.854    10.26   27.82
 -93228.570   223.085    14.77   28.25
 -92942.100   222.996    -0.31   30.04
 -92655.628   220.793    -7.69   33.49
 -92369.154   219.575    -4.25   36.43
 -92082.679   217.167    -8.41   38.73
 -91796.202   212.889   -14.93   39.63
 -91509.723   208.296   -16.03   37.92
 -91223.243   205.015   -11.45   37.44
 -90936.760   204.518    -1.74   37.84
 -90650.277   203.935    -2.03   38.07
 -90363.791   203.239    -2.43   37.69
 -90077.304   199.010   -14.76   37.56
 -89790.815   191.072   -27.71   38.14
 -89504.324   182.465   -30.04   37.78
 -89217.832   175.946   -22.75   34.63
 -88931.338   167.933   -27.97   29.31
 -88644.842   160.538   -25.81   23.20
 -88358.345   153.787   -23.56   17.98
 -88071.846   148.734   -17.64   15.06
 -87785.345   144.368   -15.24   13.14
 -87498.843   140.962   -11.89   10.59
 -87212.339   137.711   -11.35    8.50
 -86925.833   134.536   -11.08    8.30
 -86639.325   131.257   -11.44    8.13
 -86352.816   129.551    -5.95    7.84
 -86066.305   129.572     0.07    8.72
 -85779.793   129.197    -1.31   10.18
 -85493.278   129.857     2.30   12.86
 -85206.762   131.299     5.03   15.97
 -84920.245   135.117    13.33   20.75
 -84633.725   141.817    23.39   26.99
 -84347.204   149.341    26.26   32.44
 -84060.681   158.668    32.55   38.80
 -83774.157   169.539    37.94   45.38
 -83487.631   181.684    42.39   49.69
 -83201.103   191.954    35.84   50.10
 -82914.573   197.768    20.29   46.89
 -82628.042   200.209     8.52   41.65
 -82341.509   196.290   -13.68   36.09
 -82054.975   188.694   -26.51   34.82
 -81768.438   178.595   -35.25   34.18
 -81481.900   167.797   -37.68   28.20
 -81195.361   160.642   -24.97   22.73
 -80908.819   160.979     1.17   28.98
 -80622.276   166.305    18.59   37.81
 -80335.732   176.512    35.62   45.34
 -80049.185   186.053    33.30   47.72
 -79762.637   191.167    17.85   44.42
 -79476.087   197.861    23.36   41.60
 -79189.535   203.899    21.07   37.71
 -78902.982   206.906    10.49   33.30
 -78616.427   204.942    -6.85   26.82
 -78329.871   202.727    -7.73   24.04
 -78043.312   201.939    -2.75   23.95
 -77756.752   200.751    -4.15   27.31
 -77470.191   194.694   -21.14   30.96
 -77183.627   184.068   -37.08   36.65
 -76897.062   174.485   -33.44   40.22
 -76610.495   165.724   -30.57   38.81
 -76323.927   160.518   -18.17   37.29
 -76037.357   159.640    -3.06   38.56
 -75750.785   163.844    14.67   43.34
 -75464.211   172.906    31.62   48.64
 -75177.687   184.341    39.91   50.37
 -74891.397   193.699    32.69   45.91
 -74605.107   196.172     8.64   31.67
 -74318.815   194.480    -5.91   22.03
 -74032.523   191.673    -9.81   18.23
 -73746.229   187.962   -12.96   17.22
 -73459.935   181.952   -20.99   17.96
 -73173.639   174.290   -26.76   19.14
 -72887.343   166.618   -26.80   20.32
 -72601.046   157.049   -33.42   22.34
 -72314.747   145.938   -38.81   23.06
 -72028.448   135.206   -37.49   23.98
 -71742.148   126.192   -31.48   23.09
 -71455.847   119.579   -23.10   21.51
 -71169.544   116.711   -10.02   20.56
 -70883.241   120.242    12.33   33.72
 -70596.937   132.153    41.60   50.21
 -70310.632   149.736    61.41   62.72
 -70024.326   171.519    76.08   65.92
 -69738.019   193.429    76.53   60.85
 -69451.711   215.225    76.13   51.83
 -69165.402   232.674    60.94   41.77
 -68879.092   242.211    33.31   32.82
 -68592.781   244.586     8.30   24.05
 -68306.470   242.981    -5.61   19.81
 -68020.157   242.259    -2.52   23.10
 -67733.843   247.113    16.95   29.14
 -67447.528   257.153    35.07   35.03
 -67161.213   265.055    27.60   36.01
 -66874.896   267.861     9.80   33.95
 -66588.578   268.121     0.91   30.77
 -66302.260   264.109   -14.01   30.13
 -66015.940   253.854   -35.82   29.05
 -65729.620   242.118   -40.99   29.61
 -65443.298   230.488   -40.62   25.67
 -65156.976   223.713   -23.66   24.07
 -64870.652   220.545   -11.06   26.36
 -64584.328   217.452   -10.80   27.52
 -64298.003   216.467    -3.44   28.73
 -64011.676   216.141    -1.14   30.25
 -63725.349   213.516    -9.17   30.48
 -63439.021   205.465   -28.12   29.88
 -63152.692   198.416   -24.62   26.96
 -62866.361   192.457   -20.81   27.02
 -62580.030   185.775   -23.34   27.78
 -62293.698   178.484   -25.46   26.83
 -62007.365   170.817   -26.78   25.15
 -61721.031   162.690   -28.38   26.29
 -61434.696   153.375   -32.53   26.31
 -61148.360   145.375   -27.94   23.45
 -60862.023   140.186   -18.12   20.31
 -60575.685   136.968   -11.24   18.48
 -60289.346   132.917   -14.15   16.73
 -60003.006   128.229   -16.37   16.30
 -59716.666   125.196   -10.59   16.27
 -59430.324   121.487   -12.95   17.14
 -59143.981   116.896   -16.03   17.44
 -58857.637   112.354   -15.86   15.74
 -58571.293   109.459   -10.11   14.98
 -58284.947   107.917    -5.38   15.17
 -57998.600   108.786     3.03   17.41
 -57712.253   111.946    11.04   21.48
 -57425.904   113.935     6.95   25.84
 -57139.555   116.065     7.44   29.38
 -56853.204   117.346     4.48   30.30
 -56566.853   118.960     5.64   29.55
 -56280.501   117.755    -4.21   27.70
 -55994.147   113.375   -15.30   24.80
 -55707.793   107.409   -20.84   22.50
 -55421.437    99.759   -26.72   19.48
 -55135.081    93.567   -21.62   16.02
 -54848.724    92.586    -3.43   17.51
 -54562.366    97.307    16.49   25.68
 -54276.007   106.505    32.12   33.79
 -53989.646   118.117    40.55   37.98
 -53703.285   129.375    39.32   36.36
 -53416.923   139.713    36.10   29.08
 -53130.560   147.485    27.14   19.66
 -52844.196   154.204    23.46   17.85
 -52557.831   161.201    24.44   22.17
 -52271.465   169.299    28.28   27.29
 -51985.098   179.249    34.75   32.72
 -51698.730   190.744    40.14   32.91
 -51412.362   199.642    31.07   27.66
 -51125.992   203.692    14.14   23.22
 -50839.621   202.361    -4.65   24.02
 -50553.249   195.098   -25.36   27.04
 -50266.876   181.878   -46.16   31.75
 -49980.503   167.701   -49.51   31.27
 -49694.128   155.849   -41.38   25.37
 -49407.752   146.368   -33.11   21.23
 -49121.376   137.396   -31.33   20.06
 -48834.998   127.600   -34.21   18.37
 -48548.620   120.609   -24.41   16.90
 -48262.240   116.174   -15.49   15.76
 -47975.860   112.402   -13.17   14.38
 -47689.478   109.008   -11.85   12.32
 -47403.096   105.191   -13.33   10.23
 -47116.713   101.586   -12.59    9.74
 -46830.328    98.620   -10.36    9.62
 -46543.943    95.844    -9.69    9.82
 -46257.557    93.009    -9.90   10.22
 -45971.170    90.746    -7.91    9.48
 -45684.781    87.800   -10.29    8.11
 -45398.392    85.711    -7.29    7.92
 -45112.002    83.513    -7.67    7.40
 -44825.611    80.667    -9.94    7.51
 -44539.219    79.151    -5.29    7.85
 -44252.826    76.790    -8.24    8.73
 -43966.432    73.467   -11.60    7.97
 -43680.037    70.642    -9.86    9.15
 -43393.641    66.495   -14.48   10.86
 -43107.244    62.311   -14.61   11.40
 -42820.846    58.833   -12.15   10.87
 -42534.447    57.155    -5.86   10.05
 -42248.048    58.068     3.19   12.23
 -41961.647    60.646     9.00   14.75
 -41675.245    64.710    14.19   16.57
 -41388.842    69.157    15.52   17.46
 -41102.439    73.081    13.70   16.92
 -40816.034    74.759     5.86   15.31
 -40529.628    73.549    -4.23   14.76
 -40243.222    71.472    -7.25   14.66
 -39956.814    69.768    -5.95   13.31
 -39670.406    66.954    -9.82   11.78
 -39383.996    63.560   -11.85    9.15
 -39097.586    61.457    -7.34    7.62
 -38811.175    60.920    -1.88    7.13
 -38524.762    60.889    -0.11    6.49
 -38238.349    60.361    -1.84    5.73
 -37951.935    59.667    -2.43    5.26
 -37665.519    58.466    -4.19    5.88
 -37379.103    56.051    -8.43    7.53
 -37092.686    52.501   -12.39    8.67
 -36806.268    48.453   -14.13    8.50
 -36519.848    45.267   -11.13    7.64
 -36233.428    42.832    -8.50    6.56
 -35947.007    41.425    -4.91    5.31
 -35660.585    40.552    -3.05    4.70
 -35374.162    39.988    -1.97    5.41
 -35087.738    39.311    -2.36    6.94
 -34801.313    37.424    -6.59    8.90
 -34514.887    35.034    -8.34   10.19
 -34228.460    32.041   -10.45   10.46
 -33942.032    28.955   -10.77    9.02
 -33655.604    27.242    -5.98    6.89
 -33369.174    26.044    -4.18    5.62
 -33082.743    24.539    -5.25    5.58
 -32796.311    22.930    -5.62    6.67
 -32509.879    21.805    -3.93    6.77
 -32223.445    20.340    -5.11    6.44
 -31937.010    19.450    -3.11    5.71
 -31650.575    19.341    -0.38    5.09
 -31364.138    19.810     1.64    4.34
 -31077.701    19.740    -0.25    4.06
 -30791.262    19.035    -2.46    4.21
 -30504.823    18.307    -2.54    4.37
 -30218.382    17.560    -2.61    4.21
 -29931.941    16.823    -2.57    3.84
 -29645.498    16.509    -1.10    3.65
 -29359.055    16.646     0.48    3.98
 -29072.611    16.268    -1.32    4.57
 -28786.165    15.296    -3.39    4.90
 -28499.719    13.864    -5.00    4.64
 -28213.272    12.368    -5.22    4.21
 -27926.824    10.885    -5.17    4.35
 -27640.375     9.600    -4.49    4.39
 -27353.925     8.931    -2.34    4.16
 -27067.473     8.213    -2.51    4.01
 -26781.021     7.030    -4.13    3.51
 -26494.568     6.186    -2.95    3.05
 -26208.114     5.674    -1.79    2.94
 -25921.659     5.375    -1.04    2.69
 -25635.203     5.368    -0.02    2.61
 -25348.747     5.858     1.71    3.14
 -25062.289     7.189     4.65    4.90
 -24775.830     8.953     6.16    6.71
 -24489.370    10.912     6.84    7.66
 -24202.909    12.765     6.47    7.86
 -23916.448    13.586     2.86    7.44
 -23629.985    13.246    -1.19    6.74
 -23343.521    11.961    -4.48    6.21
 -23057.056    10.055    -6.65    6.46
 -22770.591     8.019    -7.11    6.09
 -22484.124     6.272    -6.10    5.46
 -22197.657     4.896    -4.80    5.11
 -21911.188     4.360    -1.87    5.56
 -21624.719     4.041    -1.11    6.08
 -21338.248     3.980    -0.21    6.33
 -21051.777     4.037     0.20    6.49
 -20765.304     4.212     0.61    6.36
 -20478.831     4.438     0.79    6.13
 -20192.357     4.135    -1.06    5.38
 -19905.881     3.667    -1.64    3.96
 -19619.405     4.242     2.01    3.59
 -19332.928     4.607     1.27    3.23
 -19046.450     4.875     0.93    3.24
 -18759.971     4.354    -1.82    4.00
 -18473.490     3.473    -3.08    4.19
 -18187.009     2.555    -3.20    4.43
 -17900.527     2.416    -0.49    4.54
 -17614.044     2.545     0.45    4.44
 -17327.560     2.668     0.43    4.59
 -17041.075     3.211     1.90    4.85
 -16754.589     3.355     0.50    5.02
 -16468.102     2.892    -1.61    4.52
 -16181.614     1.545    -4.70    3.32
 -15895.126     0.606    -3.28    3.15
 -15608.636     0.089    -1.80    2.89
 -15322.145     0.249     0.56    3.07
 -15035.653     0.135    -0.40    3.49
 -14749.160     0.242     0.37    3.90
 -14462.667    -0.207    -1.57    4.07
 -14176.172    -0.331    -0.44    4.02
 -13889.676    -0.534    -0.71    4.05
 -13603.180    -1.257    -2.52    3.99
 -13316.716    -2.375    -3.90    4.20
 -13030.342    -4.097    -6.01    4.31
 -12743.968    -5.336    -4.33    4.05
 -12457.594    -6.512    -4.10    3.64
 -12171.219    -7.264    -2.63    3.75
 -11884.844    -7.646    -1.34    3.85
 -11598.469    -7.391     0.89    4.09
 -11312.093    -5.363     7.08    6.08
 -11025.717    -2.618     9.58    7.58
 -10739.341     0.238     9.97    8.92
 -10452.964     3.918    12.85   10.57
 -10166.587     7.646    13.02   11.76
  -9880.210    10.353     9.45   11.28
  -9593.833    11.453     3.84   10.42
  -9307.455    10.339    -3.89   10.30
  -9021.077     8.921    -4.95    9.43
  -8734.698     7.149    -6.19    7.55
  -8448.319     5.205    -6.79    5.09
  -8161.940     4.158    -3.65    3.56
  -7875.561     3.410    -2.61    1.96
  -7589.181     3.431     0.07    1.82
  -7302.801     3.715     0.99    1.64
  -7016.420     4.030     1.10    1.79
  -6730.040     4.244     0.75    2.19
  -6443.659     4.250     0.02    2.74
  -6157.277     4.242    -0.03    2.92
  -5870.896     4.632     1.36    2.60
  -5584.514     5.139     1.77    2.76
  -5298.131     5.518     1.32    2.89
  -5011.749     5.745     0.79    3.05
  -4725.366     6.224     1.67    3.39
  -4438.982     7.067     2.94    3.70
  -4152.599     8.083     3.55    3.59
  -3866.215     7.933    -0.52    4.72
  -3579.831     7.178    -2.64    5.78
  -3293.446     5.940    -4.32    6.71
  -3007.061     5.015    -3.23    7.55
  -2720.676     4.156    -3.00    7.79
  -2434.291     3.067    -3.80    7.25
  -2147.905     2.028    -3.63    6.60
  -1861.519     1.402    -2.18    5.90
  -1575.132     0.828    -2.01    5.09
  -1288.745     0.642    -0.65    4.78
  -1002.358     0.978     1.17    5.35
   -715.971     1.327     1.22    5.77
   -429.583     1.768     1.54    6.41
   -143.195     2.458     2.41    7.03
    143.193     3.320     3.01    7.30
    429.582     4.010     2.41    7.33
    715.971     4.708     2.44    7.41
   1002.360     5.627     3.21    7.48
   1288.750     6.171     1.90    7.32
   1575.140     6.779     2.12    6.85
   1861.530     7.053     0.96    6.31
   2147.921     6.457    -2.08    5.82
   2434.312     5.396    -3.71    5.09
   2720.703     5.198    -0.69    4.53
   3007.095     5.458     0.91    4.32
   3293.486     5.472     0.05    4.40
   3579.879     5.578     0.37    4.26
   3866.271     5.522    -0.20    3.95
   4152.664     5.298    -0.78    4.09
   4439.057     4.966    -1.16    4.01
   4725.451     4.732    -0.82    3.59
   5011.844     4.571    -0.56    3.19
   5298.238     4.354    -0.76    3.28
   5584.633     4.586     0.81    3.58
   5871.028     5.262     2.36    3.72
   6157.423     5.811     1.92    4.44
   6443.818     6.105     1.03    4.86
   6730.214     6.141     0.12    5.70
   7016.610     5.495    -2.25    6.51
   7303.006     5.275    -0.77    7.13
   7589.403     5.332     0.20    7.61
   7875.800     5.353     0.07    7.69
   8162.197     5.060    -1.02    7.39
   8448.595     4.495    -1.97    6.90
   8734.992     3.789    -2.47    5.68
   9021.391     3.389    -1.40    4.60
   9307.789     2.779    -2.13    4.24
   9594.188     2.210    -1.99    4.24
   9880.587     1.653    -1.95    4.07
  10166.987     1.275    -1.32    3.66
  10453.387     1.914     2.23    3.52
  10739.787     2.410     1.73    3.22
  11026.187     2.882     1.65    2.42
  11312.588     3.104     0.78    1.87
  11598.989     2.312    -2.77    3.31
  11885.391     0.550    -6.15    4.86
  12171.792    -1.182    -6.04    5.65
  12458.194    -2.351    -4.08    5.66
  12744.597    -3.916    -5.47    5.38
  13030.999    -5.349    -5.00    4.58
  13317.402    -5.200     0.52    4.77
  13603.806    -3.740     5.10    5.38
  13890.209    -1.902     6.42    5.46
  14176.613    -0.653     4.36    5.07
  14463.018     1.537     7.65    6.69
  14749.422     5.437    13.62    8.13
  15035.827     8.389    10.30    8.84
  15322.233    10.747     8.24    9.06
  15608.638    12.410     5.80    8.31
  15895.044    13.480     3.74    7.58
  16181.450    14.759     4.47    6.33
  16467.857    14.466    -1.03    5.87
  16754.263    12.706    -6.14    5.64
  17040.671    11.402    -4.55    5.29
  17327.078    11.444     0.14    5.32
  17613.486    11.163    -0.98    5.32
  17899.894    10.238    -3.23    5.13
  18186.302     8.923    -4.59    5.18
  18472.711     7.764    -4.05    5.03
  18759.120     7.320    -1.55    5.24
  19045.530     6.666    -2.28    5.07
  19331.939     6.287    -1.32    4.86
  19618.349     6.314     0.09    5.26
  19904.760     6.878     1.97    5.84
  20191.170     7.572     2.42    5.95
  20477.581     8.559     3.44    5.97
  20763.993     9.754     4.17    5.87
  21050.404    10.665     3.18    5.49
  21336.816    11.238     2.00    5.23
  21623.228    11.101    -0.48    5.02
  21909.641    10.224    -3.06    4.75
  22196.054     8.974    -4.37    4.84
  22482.467     7.206    -6.17    4.82
  22768.881     5.807    -4.89    4.38
  23055.294     4.526    -4.47    4.16
  23341.709     3.639    -3.10    3.81
  23628.123     3.676     0.13    3.90
  23914.538     3.519    -0.55    3.80
  24200.953     2.930    -2.06    4.00
  24487.368     1.987    -3.29    4.49
  24773.784     0.687    -4.54    4.69
  25060.200     0.236    -1.58    5.00
  25346.617    -0.028    -0.92    5.17
  25633.033     0.265     1.02    5.30
  25919.450     0.854     2.06    5.14
  26205.868     1.950     3.83    4.81
  26492.285     3.505     5.43    4.18
  26778.703     4.223     2.51    3.57
  27065.122     3.106    -3.90    4.31
  27351.540     1.354    -6.12    4.92
  27637.959    -0.231    -5.53    5.13
  27924.378    -1.304    -3.75    5.27
  28210.798    -0.951     1.23    6.20
  28497.218     0.134     3.79    7.41
  28783.638     2.219     7.28    8.73
  29070.059     4.530     8.07    9.08
  29356.479     6.718     7.64    8.61
  29642.901     9.095     8.30    8.02
  29929.322    11.229     7.45    7.35
  30215.744    12.095     3.02    6.90
  30502.166    12.501     1.42    6.30
  30788.588    12.199    -1.05    5.48
  31075.011    11.642    -1.94    5.64
  31361.434    10.783    -3.00    6.15
  31647.858     9.538    -4.35    6.08
  31934.281     7.878    -5.79    5.65
  32220.705     6.354    -5.32    5.69
  32507.130     4.776    -5.51    6.30
  32793.554     3.013    -6.16    6.64
  33079.979     1.290    -6.02    6.45
  33366.405    -0.747    -7.11    5.32
  33652.830    -2.717    -6.88    4.53
  33939.256    -4.391    -5.84    4.35
  34225.683    -5.866    -5.15    4.03
  34512.109    -7.259    -4.86    3.55
  34798.536    -8.351    -3.81    3.25
  35084.963    -9.520    -4.08    2.81
  35371.391   -10.010    -1.71    2.62
  35657.819   -10.206    -0.68    2.43
  35944.247   -10.045     0.56    2.58
