# NaN NaN NaN ;Mean Elev.(m), Avg Gradient(m/km), RMS Gradient(m/km) - SRTM1     
#   -2.256  -6.933  13.574 ;Mean Elev.(m), Avg Gradient(m/km), RMS Gradient(m/km) - ASTER GDEM
#   36.076  -0.306   3.717 ;Mean Elev.(m), Avg Gradient(m/km), RMS Gradient(m/km) - GMTED2010 
   2 151.072713  66.130844    26.451    26.451  2 54673.07045252 28.297
   4 151.070096  66.132756    32.257    32.257  2 54692.90173806 20.804
   6 151.073523  66.130271    30.725    30.725  2 54712.73302715 24.621
   8 151.075249  66.127729    24.589    24.629  3 54732.56432665 51.196
   9 151.073713  66.128492    25.071    25.071  2 54742.47997335 49.341
  10 151.072787  66.129258    26.018    26.018  2 54752.39561990 41.884
  11 151.073604  66.129087    24.593    22.766  3 54762.31126631 41.728
  12 151.072218  66.127756    21.914    21.915  3 54772.22691006 40.640
  13 151.076785  66.126591    22.119    21.930  3 54782.14255140 39.526
  14 151.074657  66.126600    22.440    22.211  4 54792.05818964 37.221
  15 151.073027  66.128025    22.595    22.286  3 54801.97382682 35.576
  16 151.072489  66.129362    22.460    22.460  2 54811.88946401 35.761
  17 151.071125  66.129957    24.480    22.209  3 54821.80510552 32.049
  18 151.073012  66.129485    24.309    22.807  3 54831.72075779 33.263
  19 151.072094  66.129520    22.199    22.199  2 54841.63639636 32.695
  20 151.073274  66.130551    21.831    21.831  2 54851.55204541 31.947
  21 151.071552  66.132136    29.125    29.125  2 54861.46769381 24.917
  22 151.072892  66.132841    29.367    29.367  2 54871.38334253 23.303
  23 151.070694  66.131654    29.256    29.308  3 54881.29898933 23.445
  24 151.070933  66.129094    30.087    30.125  3 54891.21463310 20.960
  25 151.074378  66.126914    30.069    30.162  4 54901.13027424 21.454
  26 151.076071  66.127020    29.927    29.920  3 54911.04591339 19.821
  27 151.074279  66.128657    30.022    29.950  3 54920.96155108 18.766
  28 151.072703  66.129832    30.154    30.154  2 54930.87718822 19.441
  29 151.070924  66.129122    30.144    30.205  3 54940.79282404 17.903
  30 151.075503  66.127240    29.903    29.903  3 54950.70845879 17.894
  31 151.075733  66.125909    23.570    23.527  3 54960.62409902 35.812
  32 151.075862  66.126580    25.952    24.385  3 54970.53974767 48.138
  33 151.072790  66.128399    28.214    28.214  2 54980.45539483 49.434
  35 151.071603  66.130050    30.351    29.992  3 55000.28668891 29.497
  36 151.074356  66.129730    25.774    24.085  3 55010.20233442 34.397
  37 151.071791  66.129572    29.294    29.351  3 55020.11797784 32.663
  38 151.071357  66.130586    25.477    23.603  3 55030.03362024 45.066
  39 151.070508  66.131957    31.318    31.318  2 55039.94926196 41.246
  40 151.071196  66.132685    32.200    32.200  2 55049.86490248 19.253
  41 151.072211  66.131461    29.188    29.188  2 55059.78054091 24.019
  42 151.073319  66.128875    23.719    23.470  3 55069.69618138 48.281
  43 151.076078  66.126587    29.000    28.936  3 55079.61183115 35.289
  44 151.074705  66.126474    26.509    26.534  4 55089.52747853 51.199
  45 151.072963  66.128167    23.076    23.076  2 55099.44312466 41.387
  46 151.073490  66.129836    31.553    31.553  2 55109.35877049 26.887
  47 151.074438  66.129504    22.002    21.953  3 55119.27441502 40.449
  48 151.071535  66.127438    22.108    22.084  3 55129.19005672 40.876
  49 151.074135  66.125509    24.122    22.204  3 55139.10569689 33.912
  50 151.075739  66.125857    21.791    21.791  4 55149.02133566 30.117
  51 151.075464  66.128196    22.052    22.084  3 55158.93697386 33.021
  52 151.072631  66.130385    22.557    22.557  2 55168.85261153 29.998
  53 151.071049  66.130997    22.146    22.146  2 55178.76824839 28.451
  54 151.071187  66.130051    22.538    22.825  3 55188.68389408 31.223
  55 151.073601  66.129579    22.041    22.041  2 55198.59954496 30.809
  56 151.073377  66.130364    22.420    22.420  2 55208.51519468 28.820
  57 151.070719  66.131789    22.050    22.050  2 55218.43084365 28.204
  58 151.072879  66.131954    29.388    29.510  3 55228.34649230 20.249
  59 151.072608  66.130550    29.527    29.527  2 55238.26213772 18.866
  60 151.074720  66.127999    30.275    30.229  3 55248.17777983 18.707
  61 151.074836  66.126228    30.453    30.284  3 55258.09341933 17.766
  62 151.075343  66.126404    30.131    30.253  4 55268.00905807 18.316
  63 151.070943  66.128188    30.352    30.357  3 55277.92469596 17.760
  64 151.072445  66.129389    30.337    30.373  3 55287.84033316 16.453
  65 151.071360  66.129156    30.327    30.280  3 55297.75596777 17.109
  66 151.075812  66.127256    30.569    30.449  3 55307.67161027 16.860
  67 151.075649  66.125817    32.363    32.359  3 55317.58725668 12.714
  68 151.074555  66.126185    24.024    22.151  4 55327.50290187 38.019
  69 151.072731  66.128195    28.588    28.627  3 55337.41854616 49.871
  70 151.072315  66.130162    30.063    29.642  3 55347.33419011 31.240
  71 151.072909  66.130855    29.366    29.519  3 55357.24983259 28.492
  72 151.072065  66.130563    26.296    24.853  3 55367.16547290 42.751
  73 151.073065  66.130110    30.716    30.716  2 55377.08111194 25.258
  74 151.071659  66.130453    24.570    24.514  3 55386.99674989 45.737
  75 151.073499  66.131111    23.026    23.026  2 55396.91238722 45.507
  76 151.072294  66.131251    29.715    29.715  2 55406.82802965 23.245
  77 151.073185  66.130037    25.970    25.970  2 55416.74368093 30.869
  78 151.073711  66.127907    24.334    24.334  2 55426.65932878 51.514
  79 151.077544  66.126431    25.495    25.474  3 55436.57497423 48.836
  80 151.073802  66.126652    25.595    25.509  3 55446.49061765 50.642
  81 151.073802  66.127928    29.333    29.412  3 55456.40626087 34.572
  82 151.072075  66.129121    28.364    28.364  2 55466.32190324 35.489
  83 151.072601  66.128853    27.653    29.181  3 55476.23754271 37.062
  84 151.071188  66.127497    22.542    22.537  3 55486.15317885 44.653
  85 151.076188  66.126210    22.255    22.072  3 55496.06881342 40.644
  86 151.071454  66.126909    22.086    22.111  3 55505.98444800 38.900
  87 151.072629  66.128597    23.107    22.744  3 55515.90009864 37.139
  88 151.071407  66.130342    22.314    22.247  3 55525.81574814 35.736
  89 151.072587  66.130944    22.499    22.499  2 55535.73139586 36.411
  90 151.071425  66.130683    23.195    23.195  2 55545.64704127 33.845
  91 151.071979  66.130508    22.408    22.408  2 55555.56268499 33.493
  92 151.072038  66.130854    22.331    22.331  2 55565.47832775 31.686
  93 151.070425  66.131020    24.584    22.255  3 55575.39396973 30.247
  94 151.074204  66.130094    26.135    27.793  3 55585.30961054 28.462
  95 151.070951  66.128646    29.248    29.246  3 55595.22524740 25.404
  96 151.074263  66.127345    29.295    29.295  2 55605.14088164 25.291
  97 151.075578  66.127023    29.382    29.244  3 55615.05651360 24.587
  98 151.073380  66.127699    29.939    29.939  2 55624.97215339 23.743
  99 151.074545  66.128280    30.123    30.331  3 55634.88780587 24.117
 100 151.073656  66.128361    31.202    31.202  2 55644.80345598 20.786
 101 151.071618  66.127847    30.251    30.200  3 55654.71910319 22.280
 102 151.072643  66.127088    30.842    30.760  3 55664.63474615 19.479
 103 151.077269  66.126900    30.600    30.739  3 55674.55038647 16.354
 104 151.073777  66.127772    30.651    30.506  3 55684.46602441 11.502
 105 151.073470  66.129123    23.628    23.593  3 55694.38166144 26.284
 106 151.070768  66.130305    30.702    29.860  3 55704.29729687 29.398
 107 151.073094  66.130607    31.162    31.529  3 55714.21294333 33.176
 108 151.071673  66.130613    30.784    30.784  2 55724.12859228 38.394
 109 151.073319  66.130797    31.005    31.065  3 55734.04423956 46.881
 110 151.072767  66.131124    27.311    27.311  2 55743.95988539 46.689
 111 151.071474  66.130876    27.270    27.270  2 55753.87552967 47.831
 112 151.073573  66.129512    25.940    25.940  2 55763.79117199 49.984
 113 151.072241  66.127827    24.897    24.895  3 55773.70681119 50.238
 114 151.074404  66.126637    29.368    29.393  3 55783.62244732 34.736
 115 151.075321  66.127182    27.471    27.520  3 55793.53808086 52.529
 116 151.072134  66.128506    28.110    29.156  3 55803.45371636 39.004
 117 151.073491  66.129109    29.448    29.448  2 55813.36936621 30.242
 118 151.073827  66.128462    27.996    27.996  2 55823.28501410 36.058
 119 151.072017  66.127316    29.347    29.369  3 55833.20065705 31.071
 120 151.077126  66.126658    23.388    23.147  3 55843.11629639 45.176
 121 151.072034  66.127474    22.041    22.136  3 55853.03193175 43.058
 122 151.072640  66.129192    22.326    22.239  3 55862.94756752 38.292
 123 151.073284  66.130372    21.832    21.832  2 55872.86322171 37.292
 124 151.072807  66.130639    22.032    21.997  3 55882.77887078 31.621
 125 151.073670  66.130364    21.954    21.954  2 55892.69451356 31.436
 126 151.072499  66.130323    25.724    25.724  2 55902.61015051 27.756
 127 151.071238  66.130965    29.570    29.570  2 55912.52578645 21.391
 128 151.071866  66.131524    29.434    29.434  2 55922.44144079 20.821
 129 151.070378  66.131115    29.367    29.398  3 55932.35709214 20.427
 130 151.072503  66.129157    29.747    29.828  3 55942.27273959 19.577
 131 151.071648  66.126896    29.860    30.071  3 55952.18838241 19.253
 132 151.075153  66.126031    29.877    29.887  3 55962.10402216 19.025
 133 151.074760  66.127151    29.902    30.068  3 55972.01965946 18.648
 134 151.072857  66.129090    30.036    30.036  2 55981.93529536 17.958
 136 151.072408  66.128609    30.203    30.203  2 56001.76657694 17.805
 137 151.072181  66.126808    30.203    30.242  3 56011.68222693 17.255
 138 151.072946  66.126329    30.419    30.370  3 56021.59787331 17.109
 139 151.074252  66.127612    30.361    30.354  3 56031.51351684 15.671
 140 151.073989  66.129847    30.050    30.043  3 56041.42915816 14.298
 141 151.071258  66.131244    30.026    30.026  2 56051.34479694 13.593
 142 151.073851  66.131268    24.038    24.001  3 56061.26043345 46.413
 143 151.071305  66.130318    30.322    30.322  2 56071.17607142 30.177
 144 151.073255  66.129821    31.145    31.654  3 56081.09172224 31.624
 145 151.073440  66.130388    30.307    29.805  3 56091.00737025 29.797
 146 151.071626  66.131434    30.782    30.782  2 56100.92301569 23.567
 147 151.072212  66.131132    30.536    30.536  2 56110.83864716 25.284
 148 151.071258  66.129247    26.291    24.980  3 56120.75428680 50.434
 149 151.074659  66.126812    29.326    29.339  4 56130.66992313 36.749
 150 151.074780  66.125869    23.349    23.339  4 56140.58555702 47.887
 151 151.074561  66.127189    24.420    24.430  3 56150.50120797 51.177
 152 151.073092  66.129357    29.251    29.485  3 56160.41685691 33.676
 153 151.073624  66.130204    26.976    26.975  3 56170.33250447 46.585
 154 151.071843  66.128971    29.502    29.566  3 56180.24814796 33.462
 155 151.072524  66.127095    27.817    29.525  3 56190.16378766 33.933
 156 151.075499  66.126420    27.256    29.057  3 56200.07942463 40.269
 157 151.073236  66.128132    22.635    22.635  2 56209.99505863 46.970
 158 151.072268  66.130677    22.347    22.089  3 56219.91069092 42.988
 159 151.070516  66.132275    22.038    22.038  2 56229.82633994 39.188
 160 151.070760  66.131812    22.681    22.681  2 56239.74199334 36.691
 161 151.072417  66.130618    23.125    23.125  2 56249.65764296 36.846
 162 151.071536  66.129735    24.618    24.618  2 56259.57328750 34.470
 163 151.073474  66.130179    23.393    22.962  3 56269.48892959 36.100
 164 151.071827  66.130867    22.328    22.324  3 56279.40456962 34.998
 165 151.070996  66.130915    22.233    22.233  2 56289.32022016 33.150
 166 151.073229  66.129151    22.273    22.232  3 56299.23586879 33.481
 167 151.077430  66.126858    24.034    22.340  3 56309.15151364 30.127
 168 151.077101  66.125810    29.338    29.243  3 56319.06715564 21.673
 169 151.075711  66.127112    29.491    29.550  3 56328.98279653 21.402
 170 151.071681  66.129258    22.037    22.022  3 56338.89843630 31.129
 171 151.074124  66.130320    29.542    29.558  3 56348.81407463 20.001
 172 151.073078  66.129334    29.592    29.954  3 56358.72970968 20.981
 173 151.076479  66.127387    30.127    30.092  3 56368.64536072 16.397
 175 151.073601  66.128482    30.185    30.185  2 56388.47665371 16.390
 176 151.070586  66.131005    30.717    30.632  3 56398.39229680 14.563
 177 151.073366  66.132426    32.378    32.308  3 56408.30793800 11.622
 178 151.070695  66.132120    22.469    22.469  2 56418.22357451 38.153
 179 151.071933  66.130779    31.028    30.944  3 56428.13920694 35.713
 180 151.071238  66.129858    30.732    30.383  3 56438.05486082 37.175
 181 151.071171  66.129954    30.409    29.673  3 56447.97051215 35.425
 182 151.073331  66.130544    27.007    27.007  2 56457.88616147 39.662
 183 151.071740  66.130228    32.335    32.347  3 56467.80180718 25.856
 184 151.071116  66.128983    26.505    25.011  3 56477.71744894 41.150
 185 151.076074  66.127239    24.818    24.833  3 56487.63308742 41.691
 186 151.076021  66.126766    28.385    29.087  3 56497.54872285 35.626
 187 151.071331  66.127718    25.639    25.591  3 56507.46435659 49.542
 188 151.071596  66.129352    28.413    28.413  2 56517.37999352 49.130
 189 151.071370  66.130000    30.303    29.608  3 56527.29564781 33.687
 190 151.073428  66.129454    29.687    29.687  2 56537.21129807 32.010
 192 151.073730  66.128080    29.478    29.481  3 56557.04258786 31.169
 193 151.070944  66.129306    25.326    25.326  2 56566.95823019 47.142
 194 151.072436  66.131252    23.023    22.937  3 56576.87387156 44.605
 195 151.073698  66.132396    22.298    22.298  2 56586.78950948 38.390
 196 151.070483  66.132174    22.164    22.164  2 56596.70514891 37.175
 197 151.071581  66.130951    25.256    25.256  2 56606.62080098 34.455
 198 151.073617  66.130077    22.818    22.818  2 56616.53644824 35.408
 199 151.071564  66.129977    25.057    23.425  3 56626.45209162 30.435
 200 151.072087  66.130059    22.852    22.634  3 56636.36773250 32.708
 201 151.073289  66.129673    22.101    22.101  2 56646.28337289 32.431
 202 151.075130  66.128600    22.170    22.033  3 56656.19902535 35.496
 203 151.076571  66.127391    22.287    22.419  3 56666.11467346 32.504
 204 151.071421  66.127348    27.095    29.308  3 56676.03031831 27.675
 205 151.073788  66.128174    29.933    29.933  2 56685.94596277 20.790
 206 151.073676  66.129244    30.213    30.213  2 56695.86160502 21.086
 207 151.074209  66.129604    30.080    29.940  3 56705.77724278 20.288
 208 151.072200  66.129171    30.530    30.358  3 56715.69287483 19.988
 210 151.072744  66.129061    30.517    30.517  2 56735.52417802 18.551
 211 151.073326  66.130548    30.543    30.466  3 56745.43982427 18.833
 212 151.070295  66.131829    30.290    30.149  3 56755.35546592 18.660
 213 151.071069  66.132070    30.856    30.868  3 56765.27110230 15.450
 214 151.072834  66.131322    30.796    30.796  2 56775.18674091 14.500
 215 151.072837  66.130664    32.931    32.931  2 56785.10239771  7.600
 216 151.071939  66.130496    29.495    29.495  2 56795.01805079 17.191
 217 151.071621  66.130489    32.065    32.065  2 56804.93370007 29.976
 218 151.072336  66.129949    32.988    32.988  2 56814.84934247 42.487
 219 151.073563  66.128811    29.779    29.779  2 56824.76498145 35.386
 221 151.073565  66.127774    28.041    28.041  2 56844.59624811 51.157
 222 151.072880  66.128514    29.536    29.585  3 56854.51189274 28.761
 223 151.072772  66.129295    29.889    29.761  3 56864.42754641 34.408
 224 151.073699  66.129460    28.759    28.759  2 56874.34319950 39.834
 225 151.073637  66.129165    26.488    26.564  3 56884.25884934 48.531
 226 151.072370  66.128824    30.214    29.533  3 56894.17449590 35.884
 227 151.072460  66.129096    30.586    30.586  2 56904.09013938 29.286
 228 151.071210  66.130297    29.691    29.645  3 56914.00578071 33.542
 229 151.071620  66.131606    29.302    23.655  3 56923.92142045 48.848
 230 151.073198  66.132274    29.847    25.001  3 56933.83705771 45.234
 231 151.073203  66.131876    22.778    22.816  3 56943.75268955 46.887
 232 151.072119  66.130770    21.712    21.712  2 56953.66833653 42.237
 233 151.072443  66.130030    22.312    22.248  3 56963.58398679 36.066
 234 151.073552  66.130294    22.001    22.001  2 56973.49963234 26.767
 235 151.070913  66.130861    24.295    22.154  3 56983.41527322 24.172
 236 151.073405  66.130398    28.792    28.773  3 56993.33090980 22.491
 237 151.074360  66.128761    29.118    29.162  3 57003.24654650 21.927
 238 151.075599  66.127145    29.318    29.368  3 57013.16220321 21.421
 239 151.073431  66.126995    29.672    29.634  3 57023.07785422 21.160
 240 151.072599  66.128605    29.244    29.244  2 57032.99350273 20.384
 241 151.073218  66.130091    29.140    29.140  2 57042.90914913 20.826
 242 151.073504  66.130317    29.123    29.125  3 57052.82479320 20.678
 243 151.072209  66.129205    29.327    29.327  2 57062.74043270 19.760
 244 151.072297  66.128416    29.363    29.363  2 57072.65606710 19.708
 245 151.071238  66.129154    29.483    29.534  3 57082.57169744 19.178
 246 151.071607  66.131125    29.018    29.018  2 57092.48734428 19.831
 247 151.071617  66.132869    29.669    29.669  2 57102.40300142 19.892
 248 151.072820  66.132953    29.669    29.669  2 57112.31865510 17.283
 249 151.071922  66.131443    29.710    29.686  3 57122.23430268 17.013
 250 151.073826  66.129718    29.551    29.849  3 57132.14994497 17.059
 251 151.071459  66.129415    30.007    30.056  3 57142.06558199 15.345
 252 151.072857  66.130415    29.662    29.662  2 57151.98121625 11.814
 253 151.073359  66.131237    28.981    28.981  2 57161.89684694 19.503
 254 151.073620  66.130573    28.526    28.526  2 57171.81250444 48.654
 255 151.073957  66.128626    28.758    28.596  3 57181.72815904 51.991
 256 151.075034  66.126892    29.540    29.603  3 57191.64380982 33.609
 257 151.076725  66.126992    30.143    29.492  3 57201.55945770 26.632
 258 151.071882  66.128778    27.797    29.373  3 57211.47509135 30.735
 259 151.072162  66.130530    23.636    23.538  3 57221.39073517 45.246
 260 151.072737  66.130741    29.438    29.438  2 57231.30637771 25.526
 261 151.070781  66.129907    26.074    24.288  3 57241.22201756 47.812
 262 151.074807  66.128832    27.898    29.359  3 57251.13765532 32.110
 263 151.072558  66.129443    29.471    29.471  2 57261.05329052 28.440
 264 151.070521  66.131376    23.087    23.100  3 57270.96892447 39.678
 265 151.073206  66.133169    24.004    24.004  2 57280.88457991 48.720
 266 151.071161  66.133309    24.180    23.999  3 57290.80023499 37.162
 267 151.073082  66.131609    29.569    29.569  2 57300.71588741 33.782
 268 151.073731  66.129369    22.360    22.283  3 57310.63153601 44.493
 269 151.072450  66.128515    22.315    22.460  3 57320.54718105 42.488
 270 151.072423  66.129395    21.891    21.794  3 57330.46282353 39.172
 271 151.073006  66.130888    22.098    22.098  2 57340.37846392 34.216
 272 151.070687  66.130774    28.859    28.992  3 57350.29411393 25.849
 273 151.073411  66.128834    29.719    29.682  3 57360.20975938 22.505
 274 151.075058  66.126642    29.945    29.905  3 57370.12540158 22.640
 275 151.074286  66.126525    29.929    29.924  3 57380.04104121 21.550
 276 151.072790  66.128566    29.733    29.493  3 57389.95667965 21.637
 277 151.073548  66.130742    29.859    29.842  3 57399.87231734 19.488
 278 151.073595  66.131280    29.668    29.661  3 57409.78795606 19.323
 279 151.073329  66.130049    29.831    29.831  2 57419.70360861 20.485
 280 151.074576  66.129031    29.848    29.798  3 57429.61925871 19.538
 281 151.072540  66.129639    29.974    29.942  3 57439.53490627 18.312
 282 151.072929  66.131526    29.655    29.655  2 57449.45055294 18.846
 283 151.072600  66.132976    29.475    29.475  2 57459.36619819 18.690
 284 151.071126  66.132869    29.893    29.942  3 57469.28184025 18.108
 285 151.071814  66.131127    29.919    29.919  2 57479.19747847 17.334
 286 151.071497  66.129316    30.193    30.168  3 57489.11311353 16.752
 287 151.072586  66.128650    29.756    29.756  2 57499.02874672 18.003
 288 151.073483  66.129480    33.449    33.449  2 57508.94438945  4.350
 289 151.073797  66.130240    30.376    30.328  3 57518.86004545 13.055
 290 151.074293  66.130259    28.800    28.804  3 57528.77569864 43.579
 291 151.072325  66.128872    27.118    27.118  2 57538.69134860 50.808
 292 151.071683  66.127381    24.938    24.945  3 57548.60699602 51.401
 293 151.077313  66.126962    23.877    23.919  3 57558.52264263 45.336
 294 151.073492  66.128463    26.517    26.517  2 57568.43828751 34.668
 295 151.072041  66.130252    24.882    24.924  3 57578.35393202 46.197
 296 151.071527  66.131134    23.952    23.908  3 57588.26957518 43.220
 297 151.072325  66.130693    28.313    29.702  3 57598.18521592 29.695
