-129323.993   709.934     0.00   42.75
-129037.005   707.508    -8.45   43.35
-128750.010   707.290    -0.76   47.60
-128463.009   702.094   -18.11   50.09
-128176.000   701.801    -1.02   57.89
-127888.985   698.572   -11.25   64.95
-127601.963   696.191    -8.30   78.93
-127314.934   691.356   -16.84   86.27
-127027.899   676.106   -53.13   86.51
-126740.856   663.477   -43.99   89.42
-126453.807   650.822   -44.09   87.45
-126166.751   636.138   -51.15   77.68
-125879.688   618.141   -62.69   57.66
-125592.618   618.315     0.60   54.90
-125305.542   618.967     2.27   53.30
-125018.459   619.560     2.06   49.00
-124731.368   619.214    -1.20   44.81
-124444.272   618.076    -3.96   41.10
-124157.168   620.619     8.86   38.50
-123870.057   628.129    26.16   38.54
-123582.940   636.986    30.85   44.25
-123295.816   643.240    21.78   46.01
-123008.823   650.134    24.02   46.53
-122723.065   666.794    58.30   48.31
-122437.301   691.178    85.33   44.98
-122151.531   704.607    46.99   44.34
-121865.754   709.111    15.76   42.08
-121579.972   705.717   -11.88   45.24
-121294.184   698.110   -26.62   53.04
-121008.390   689.997   -28.39   55.84
-120722.590   684.399   -19.58   55.52
-120436.783   679.950   -15.57   50.34
-120150.971   683.083    10.96   52.37
-119865.153   696.715    47.69   58.89
-119579.329   706.262    33.40   58.00
-119293.499   706.732     1.64   56.60
-119007.663   707.836     3.86   53.73
-118721.821   705.081    -9.64   51.39
-118435.973   704.794    -1.01   49.99
-118150.119   709.374    16.02   56.09
-117864.259   725.646    56.92   67.85
-117578.393   754.786   101.94   74.81
-117292.521   777.656    80.00   68.71
-117006.643   795.801    63.47   58.66
-116720.759   811.570    55.16   46.94
-116434.869   823.894    43.11   43.85
-116148.973   827.518    12.68   42.07
-115863.071   827.537     0.06   41.23
-115577.163   829.118     5.53   45.25
-115291.249   840.388    39.42   42.74
-115005.330   845.902    19.29   39.71
-114719.404   849.223    11.61   41.51
-114433.472   855.904    23.36   46.37
-114147.534   871.436    54.32   67.71
-113861.590   904.544   115.78   98.32
-113575.640   940.425   125.48  108.62
-113289.684   973.297   114.95  103.97
-113003.722  1011.900   134.99   97.90
-112717.755  1059.173   165.31   92.54
-112431.781  1100.657   145.06   91.44
-112145.801  1129.325   100.24   83.37
-111859.815  1142.129    44.77   74.27
-111573.823  1142.261     0.46   74.68
-111287.825  1139.931    -8.15   77.86
-111001.821  1127.083   -44.92   78.18
-110715.812  1103.936   -80.93   82.00
-110429.796  1088.887   -52.62   79.94
-110143.774  1078.096   -37.73   79.55
-109857.746  1060.752   -60.64   85.78
-109571.712  1037.385   -81.69   97.15
-109285.672  1011.701   -89.79  101.03
-108999.626   995.533   -56.52   97.95
-108713.575   988.006   -26.31   97.48
-108427.517   976.563   -40.00   87.10
-108141.453   965.963   -37.05   83.96
-107855.383   964.240    -6.02   86.37
-107569.307   965.672     5.01   89.64
-107283.225   959.984   -19.88   87.85
-106997.137   941.516   -64.55   81.79
-106711.044   910.634  -107.94   79.00
-106424.944   884.607   -90.97   79.80
-106138.838   853.773  -107.77   80.18
-105852.726   820.724  -115.51   75.25
-105566.608   783.276  -130.88   65.62
-105280.484   756.872   -92.28   53.74
-104994.354   733.381   -82.10   53.41
-104708.218   705.315   -98.08   55.46
-104422.076   672.286  -115.43   59.40
-104135.928   648.851   -81.90   59.62
-103849.774   631.653   -60.10   50.41
-103563.614   627.169   -15.67   49.75
-103277.448   627.418     0.87   53.05
-102991.276   633.837    22.43   57.19
-102705.098   645.396    40.39   54.98
-102418.914   654.372    31.36   46.76
-102132.724   654.010    -1.26   44.38
-101846.528   640.008   -48.93   51.50
-101560.326   620.535   -68.04   51.66
-101274.118   601.269   -67.31   52.39
-100987.904   579.507   -76.03   52.98
-100701.683   558.527   -73.30   50.46
-100415.457   545.786   -44.51   45.81
-100129.225   540.849   -17.25   43.08
 -99842.987   539.460    -4.85   44.33
 -99556.743   539.189    -0.95   44.05
 -99270.492   547.044    27.44   45.11
 -98984.236   554.377    25.62   41.29
 -98697.974   557.855    12.15   36.00
 -98411.706   552.153   -19.92   35.59
 -98125.431   546.201   -20.79   35.78
 -97839.151   536.290   -34.62   37.05
 -97552.865   522.787   -47.17   39.53
 -97266.572   513.185   -33.54   37.58
 -96980.274   499.844   -46.60   34.54
 -96693.969   490.153   -33.85   35.41
 -96407.659   483.744   -22.39   33.87
 -96121.342   479.146   -16.06   31.45
 -95835.020   484.881    20.03   37.14
 -95548.691   492.880    27.94   41.61
 -95262.357   498.304    18.94   40.88
 -94976.016   503.192    17.07   40.54
 -94689.670   507.189    13.96   39.98
 -94403.317   509.513     8.11   47.95
 -94116.958   500.026   -33.13   52.60
 -93830.594   483.637   -57.23   57.51
 -93544.223   464.929   -65.33   64.96
 -93257.846   441.930   -80.31   71.85
 -92971.463   423.262   -65.19   71.85
 -92685.075   401.490   -76.02   61.89
 -92398.680   387.596   -48.51   50.98
 -92112.279   382.008   -19.51   53.15
 -91825.872   383.070     3.71   59.45
 -91539.459   385.906     9.90   63.98
 -91253.040   384.850    -3.69   61.21
 -90966.615   377.276   -26.45   56.66
 -90680.184   369.441   -27.35   52.64
 -90393.747   356.625   -44.74   45.05
 -90107.304   343.141   -47.07   41.85
 -89820.855   333.700   -32.96   38.33
 -89534.400   318.772   -52.11   24.66
 -89247.938   311.842   -24.19   14.01
 -88961.471   313.331     5.20   17.75
 -88674.998   323.283    34.74   35.94
 -88388.518   346.415    80.75   61.83
 -88102.033   368.339    76.53   68.91
 -87815.542   390.395    76.99   66.25
 -87529.044   413.822    81.77   63.80
 -87242.541   435.040    74.06   57.53
 -86956.031   455.623    71.84   56.88
 -86669.516   477.230    75.41   59.67
 -86382.994   498.202    73.19   65.38
 -86096.466   520.286    77.07   63.37
 -85809.933   536.297    55.88   53.65
 -85523.393   546.231    34.67   43.39
 -85236.847   552.752    22.76   41.73
 -84950.295   554.381     5.68   46.13
 -84663.737   547.960   -22.40   47.58
 -84377.174   531.766   -56.51   48.32
 -84090.604   518.970   -44.65   53.06
 -83804.028   512.412   -22.88   55.73
 -83517.446   514.247     6.40   56.57
 -83230.857   508.599   -19.71   52.85
 -82944.263   500.059   -29.80   48.10
 -82657.663   486.571   -47.06   45.56
 -82371.057   477.120   -32.97   47.52
 -82084.445   466.625   -36.62   48.02
 -81797.826   454.181   -43.41   48.67
 -81511.202   438.998   -52.97   44.89
 -81224.571   424.444   -50.78   34.96
 -80937.935   417.333   -24.81   29.59
 -80651.292   415.213    -7.39   29.68
 -80364.644   412.877    -8.15   27.05
 -80077.989   412.076    -2.79   29.62
 -79791.328   408.254   -13.33   32.51
 -79504.662   403.732   -15.77   35.52
 -79217.989   400.676   -10.66   35.48
 -78931.310   396.736   -13.74   36.07
 -78644.625   388.103   -30.11   41.47
 -78357.934   375.432   -44.20   43.34
 -78071.237   359.470   -55.68   39.78
 -77784.534   346.837   -44.06   39.30
 -77497.825   335.822   -38.42   40.84
 -77211.110   326.886   -31.17   40.93
 -76924.388   316.371   -36.67   38.19
 -76637.661   307.240   -31.84   34.27
 -76350.928   300.444   -23.70   31.05
 -76064.188   297.716    -9.51   29.27
 -75777.443   300.405     9.38   33.28
 -75490.691   306.752    22.13   38.71
 -75203.933   317.758    38.38   42.62
 -74917.170   336.679    65.98   49.18
 -74630.400   351.624    52.11   50.54
 -74343.624   370.159    64.63   44.45
 -74056.842   384.917    51.46   36.74
 -73770.054   388.923    13.97   32.03
 -73483.260   389.807     3.08   28.86
 -73196.460   386.432   -11.77   31.12
 -72909.654   377.916   -29.69   33.28
 -72622.842   368.552   -32.65   32.66
 -72336.024   361.217   -25.57   32.43
 -72049.199   353.638   -26.43   31.10
 -71762.369   346.699   -24.19   31.17
 -71475.533   343.062   -12.68   30.60
 -71188.690   339.963   -10.80   28.00
 -70901.841   336.458   -12.22   25.94
 -70614.987   332.949   -12.23   24.38
 -70328.126   325.315   -26.61   25.56
 -70041.259   315.465   -34.34   29.39
 -69754.386   306.526   -31.16   32.61
 -69467.507   292.557   -48.69   31.04
 -69180.622   280.489   -42.07   24.97
 -68893.731   271.664   -30.76   17.97
 -68606.834   264.263   -25.80   12.56
 -68319.931   260.675   -12.51   11.14
 -68033.022   258.937    -6.05   10.35
 -67746.106   257.139    -6.27    9.98
 -67459.185   255.633    -5.25   10.48
 -67172.257   253.577    -7.17   10.36
 -66885.324   253.074    -1.75   11.21
 -66598.384   257.083    13.97   15.23
 -66311.438   264.434    25.62   23.22
 -66024.486   279.560    52.71   36.31
 -65737.528   295.499    55.54   40.22
 -65450.564   307.001    40.08   36.54
 -65163.594   314.954    27.72   29.24
 -64876.618   318.585    12.65   24.02
 -64589.636   315.674   -10.14   25.38
 -64302.648   306.170   -33.11   28.62
 -64015.653   290.674   -54.00   27.76
 -63728.653   275.556   -52.68   29.42
 -63441.646   261.836   -47.80   32.65
 -63154.634   246.946   -51.88   34.47
 -62867.615   230.650   -56.78   31.39
 -62580.590   215.014   -54.47   27.04
 -62293.559   201.003   -48.81   22.80
 -62006.522   187.549   -46.87   20.72
 -61719.479   177.144   -36.25   21.25
 -61432.430   168.150   -31.33   19.40
 -61145.562   162.512   -19.65   18.14
 -60859.730   162.960     1.57   21.87
 -60573.892   171.031    28.24   36.33
 -60288.049   182.928    41.62   46.23
 -60002.200   193.716    37.74   47.84
 -59716.347   204.794    38.75   44.21
 -59430.488   217.067    42.93   39.17
 -59144.624   231.958    52.09   37.41
 -58858.754   245.871    48.67   38.20
 -58572.879   253.800    27.74   37.41
 -58286.999   261.073    25.44   32.82
 -58001.114   262.808     6.07   29.64
 -57715.223   259.707   -10.85   32.32
 -57429.327   247.437   -42.92   37.65
 -57143.426   230.828   -58.09   35.49
 -56857.520   215.535   -53.49   28.22
 -56571.608   200.665   -52.01   23.54
 -56285.691   189.272   -39.85   20.87
 -55999.768   181.073   -28.67   16.68
 -55713.841   173.689   -25.83   16.17
 -55427.908   165.986   -26.94   18.97
 -55141.970   157.002   -31.42   20.58
 -54856.026   149.366   -26.70   21.33
 -54570.078   142.794   -22.98   21.06
 -54284.124   136.521   -21.94   18.24
 -53998.164   129.986   -22.85   14.62
 -53712.200   125.372   -16.14   13.85
 -53426.230   121.441   -13.74   15.86
 -53140.255   117.551   -13.61   16.74
 -52854.274   111.815   -20.06   16.39
 -52568.289   106.089   -20.02   13.60
 -52282.297   101.917   -14.59   10.48
 -51996.301    99.551    -8.27    7.84
 -51710.300    98.656    -3.13    7.08
 -51424.293    97.717    -3.28    6.36
 -51138.281    96.261    -5.09    5.84
 -50852.263    95.542    -2.52    6.16
 -50566.240    93.988    -5.43    6.35
 -50280.212    91.619    -8.28    6.22
 -49994.179    89.584    -7.11    6.90
 -49708.140    88.579    -3.51    7.07
 -49422.096    88.146    -1.51    6.85
 -49136.047    90.599     8.58   11.42
 -48849.993    97.155    22.92   22.24
 -48563.933   104.994    27.40   29.79
 -48277.868   111.917    24.20   31.26
 -47991.797   118.001    21.27   29.68
 -47705.722   123.752    20.10   27.83
 -47419.641   134.682    38.21   27.28
 -47133.554   147.182    43.69   29.18
 -46847.463   158.290    38.83   32.39
 -46561.366   170.596    43.01   32.05
 -46275.264   180.787    35.62   27.37
 -45989.156   189.210    29.44   20.93
 -45703.044   192.569    11.74   18.11
 -45416.926   189.185   -11.83   21.45
 -45130.802   182.210   -24.38   25.83
 -44844.674   168.690   -47.25   29.12
 -44558.540   154.335   -50.17   31.02
 -44272.401   142.472   -41.46   28.90
 -43986.256   138.578   -13.61   25.65
 -43700.106   139.141     1.97   24.42
 -43413.951   142.689    12.40   25.15
 -43127.791   149.205    22.77   26.06
 -42841.625   156.944    27.04   22.60
 -42555.454   164.279    25.63   16.47
 -42269.278   169.106    16.86   14.76
 -41983.096   174.177    17.72   17.32
 -41696.909   180.894    23.47   20.91
 -41410.717   184.836    13.77   20.86
 -41124.519   187.301     8.61   20.20
 -40838.317   185.591    -5.97   22.70
 -40552.108   179.794   -20.26   28.44
 -40265.895   169.657   -35.42   32.15
 -39979.676   157.751   -41.60   29.46
 -39693.452   146.040   -40.91   21.22
 -39407.223   138.451   -26.51   16.61
 -39120.988   131.585   -23.99   15.65
 -38834.748   128.707   -10.06   14.97
 -38548.503   131.678    10.38   19.28
 -38262.252   136.850    18.07   23.39
 -37975.996   150.917    49.14   33.33
 -37689.735   165.563    51.16   40.22
 -37403.469   183.686    63.31   40.98
 -37117.197   195.086    39.82   34.73
 -36830.920   202.989    27.61   29.23
 -36544.637   210.134    24.96   22.73
 -36258.350   208.844    -4.51   22.54
 -35972.057   199.115   -33.98   21.73
 -35685.758   190.117   -31.43   18.61
 -35399.455   185.101   -17.52   17.38
 -35113.146   186.181     3.77   17.84
 -34826.831   191.094    17.16   19.75
 -34540.512   195.294    14.67   23.80
 -34254.187   201.368    21.22   24.52
 -33967.857   204.283    10.18   24.34
 -33681.521   202.514    -6.18   25.86
 -33395.180   197.470   -17.62   29.52
 -33108.834   186.151   -39.53   32.47
 -32822.483   171.661   -50.60   28.17
 -32536.126   159.021   -44.14   23.54
 -32249.764   146.787   -42.72   19.35
 -31963.396   139.554   -25.25   17.18
 -31677.024   132.953   -23.05   17.18
 -31390.646   128.745   -14.69   19.24
 -31104.262   126.984    -6.15   21.56
 -30817.874   127.209     0.79   23.70
 -30531.480   126.458    -2.62   24.27
 -30245.080   124.444    -7.03   24.05
 -29958.676   123.814    -2.20   26.88
 -29672.266   122.113    -5.94   27.95
 -29385.851   118.354   -13.12   28.91
 -29099.430   113.908   -15.52   29.41
 -28813.004   111.943    -6.86   30.70
 -28526.573   110.496    -5.05   31.45
 -28240.136   109.577    -3.21   30.70
 -27953.694   107.951    -5.68   27.70
 -27667.247   103.323   -16.16   25.36
 -27380.795    96.413   -24.12   23.77
 -27094.337    86.843   -33.41   24.01
 -26807.874    75.989   -37.89   23.96
 -26521.405    67.660   -29.08   22.03
 -26234.932    60.144   -26.24   18.04
 -25948.452    53.662   -22.63   12.86
 -25661.968    50.047   -12.62    8.71
 -25375.478    47.905    -7.48    6.87
 -25088.983    48.029     0.43    7.17
 -24802.483    47.319    -2.48    7.62
 -24515.977    46.221    -3.83    8.34
 -24229.466    44.590    -5.69    8.31
 -23942.950    44.125    -1.62    7.95
 -23656.428    43.513    -2.13    7.51
 -23369.901    43.179    -1.16    7.29
 -23083.369    43.624     1.55    7.13
 -22796.831    43.946     1.13    6.88
 -22510.288    44.358     1.44    6.35
 -22223.740    43.215    -3.99    6.76
 -21937.186    42.343    -3.04    6.58
 -21650.627    41.304    -3.63    6.15
 -21364.063    40.339    -3.37    4.96
 -21077.493    39.572    -2.68    3.87
 -20790.918    37.959    -5.63    5.20
 -20504.338    36.311    -5.75    7.09
 -20217.752    34.214    -7.32    7.93
 -19931.161    31.619    -9.06    7.23
 -19644.565    28.959    -9.28    6.29
 -19357.963    26.651    -8.05    5.16
 -19071.356    25.294    -4.74    5.27
 -18784.744    24.395    -3.14    5.12
 -18498.126    23.329    -3.72    4.72
 -18211.503    22.265    -3.71    4.80
 -17924.875    20.455    -6.31    4.60
 -17638.241    19.314    -3.98    4.73
 -17351.602    18.088    -4.28    4.64
 -17064.958    17.232    -2.99    4.18
 -16778.308    16.146    -3.79    4.03
 -16491.653    15.618    -1.84    4.24
 -16204.993    15.440    -0.62    4.32
 -15918.327    14.876    -1.97    4.12
 -15631.656    14.218    -2.30    3.73
 -15344.980    13.301    -3.20    3.17
 -15058.298    12.640    -2.31    2.62
 -14771.611    11.972    -2.33    2.47
 -14484.919    11.953    -0.06    2.76
 -14198.221    12.060     0.37    2.73
 -13911.518    11.750    -1.08    3.11
 -13624.810    11.592    -0.55    3.94
 -13338.096    11.003    -2.05    4.35
 -13051.377     9.934    -3.73    4.44
 -12764.653     8.736    -4.18    4.06
 -12477.923     7.665    -3.74    3.28
 -12191.188     7.262    -1.41    2.90
 -11904.448     7.049    -0.74    2.71
 -11617.702     7.401     1.23    2.50
 -11330.951     7.808     1.42    2.42
 -11044.195     7.701    -0.37    2.31
 -10757.433     7.148    -1.93    2.89
 -10470.666     6.423    -2.53    3.47
 -10183.893     5.829    -2.07    3.63
  -9897.115     5.272    -1.94    3.76
  -9610.332     5.164    -0.38    3.98
  -9323.544     5.377     0.74    4.39
  -9036.750     6.641     4.41    4.72
  -8749.951     7.837     4.17    4.45
  -8463.146     8.765     3.24    3.92
  -8176.336     9.668     3.15    3.14
  -7889.521    10.150     1.68    2.63
  -7602.701    10.003    -0.51    2.54
  -7315.875     9.518    -1.69    2.47
  -7029.043     9.025    -1.72    2.32
  -6742.207     8.600    -1.48    2.24
  -6455.365     7.957    -2.24    2.11
  -6168.518     7.113    -2.94    2.27
  -5881.665     6.369    -2.59    2.37
  -5594.807     5.843    -1.83    2.51
  -5307.944     5.033    -2.82    2.98
  -5021.075     4.511    -1.82    3.26
  -4734.201     3.872    -2.23    3.33
  -4447.321     3.686    -0.65    3.39
  -4160.437     3.472    -0.75    3.59
  -3873.546     3.416    -0.20    3.81
  -3586.651     3.325    -0.32    3.91
  -3299.750     3.148    -0.62    3.88
  -3012.844     3.144    -0.02    3.80
  -2725.932     3.153     0.03    3.73
  -2439.016     3.252     0.35    3.68
  -2152.093     3.308     0.19    3.74
  -1865.166     3.692     1.34    3.80
  -1578.233     3.992     1.05    3.64
  -1291.294     3.974    -0.06    3.53
  -1004.351     3.612    -1.26    3.66
   -717.402     3.318    -1.02    3.83
   -430.447     2.286    -3.60    3.69
   -143.488     1.222    -3.71    2.96
    143.478     0.725    -1.73    2.38
    430.448     0.780     0.19    2.28
    717.207     1.329     1.92    2.37
   1003.116     1.922     2.07    2.32
   1289.029     2.629     2.47    2.41
   1574.947     2.725     0.33    2.62
   1860.869     3.039     1.10    2.76
   2146.796     3.682     2.25    2.93
   2432.728     3.910     0.80    2.89
   2718.664     3.895    -0.05    2.82
   3004.604     3.885    -0.04    2.98
   3290.550     3.855    -0.10    3.12
   3576.500     3.635    -0.77    3.04
   3862.454     3.405    -0.80    2.82
   4148.413     3.139    -0.93    2.81
   4434.377     3.204     0.23    2.89
   4720.345     3.314     0.39    3.13
   5006.317     3.431     0.41    3.27
   5292.295     3.885     1.59    3.44
   5578.276     4.607     2.52    3.19
   5864.263     5.070     1.62    3.00
   6150.254     5.360     1.01    2.95
   6436.250     5.528     0.59    2.97
   6722.250     5.857     1.15    2.74
   7008.254     6.042     0.65    2.44
   7294.264     6.279     0.83    2.39
   7580.278     6.358     0.27    2.74
   7866.296     6.412     0.19    3.01
   8152.319     6.472     0.21    3.09
   8438.347     6.689     0.76    3.15
   8724.379     6.670    -0.06    3.11
   9010.416     6.448    -0.78    3.21
   9296.457     6.136    -1.09    3.16
   9582.503     5.512    -2.18    3.03
   9868.553     4.926    -2.05    2.42
  10154.609     4.616    -1.08    2.15
  10440.668     4.644     0.10    2.21
  10726.733     4.986     1.20    2.45
  11012.801     5.532     1.91    2.81
  11298.875     5.432    -0.35    2.69
  11584.953     4.885    -1.92    2.12
  11871.035     4.837    -0.17    2.04
  12157.122     6.429     5.57    4.88
  12443.214     9.596    11.07    8.23
  12729.311    13.127    12.34   10.09
  13015.411    16.903    13.20   10.75
  13301.517    20.736    13.40    9.98
  13587.627    22.909     7.59    8.55
  13873.742    24.355     5.05    7.39
  14159.861    25.007     2.28    6.63
  14445.985    24.616    -1.37    6.73
  14732.113    24.129    -1.70    6.69
  15018.246    23.434    -2.43    6.15
  15304.384    22.946    -1.71    5.98
  15590.526    22.227    -2.51    5.82
  15876.673    21.039    -4.15    5.28
  16162.824    19.581    -5.09    4.89
  16448.980    18.517    -3.72    4.30
  16735.140    17.489    -3.59    3.00
  17021.305    16.872    -2.15    2.93
  17307.475    16.458    -1.45    2.88
  17593.649    16.166    -1.02    2.73
  17879.828    15.557    -2.13    2.06
  18166.012    15.113    -1.55    1.98
  18452.200    14.921    -0.67    1.79
  18738.392    14.899    -0.08    1.69
  19024.589    15.037     0.48    1.60
  19310.791    15.185     0.52    1.44
  19596.998    15.269     0.29    1.31
  19883.208    15.382     0.40    1.21
  20169.424    15.588     0.72    1.08
  20455.644    15.932     1.20    1.19
  20741.869    16.207     0.96    1.34
  21028.098    16.495     1.00    1.30
  21314.332    16.672     0.62    1.32
  21600.571    17.058     1.35    1.45
  21886.814    17.533     1.66    1.79
  22173.061    18.089     1.94    1.96
  22459.314    18.815     2.53    2.14
  22745.571    19.582     2.68    2.22
  23031.832    20.265     2.38    1.95
  23318.098    20.829     1.97    1.75
  23604.369    21.044     0.75    1.90
  23890.644    21.056     0.04    1.74
  24176.924    21.113     0.20    1.70
  24463.208    21.265     0.53    1.77
  24749.497    21.347     0.29    1.93
  25035.791    21.332    -0.05    2.05
  25322.089    21.348     0.06    2.31
  25608.392    21.093    -0.89    2.43
  25894.699    20.653    -1.54    2.69
  26181.011    19.779    -3.05    3.03
  26467.328    18.750    -3.59    3.16
  26753.649    17.483    -4.43    2.97
  27039.975    16.456    -3.59    2.70
  27326.305    15.650    -2.81    1.99
  27612.640    15.362    -1.01    1.50
  27898.980    15.576     0.75    1.90
  28185.324    16.430     2.98    2.77
  28471.673    17.671     4.33    3.27
  28758.026    18.943     4.44    3.36
  29044.384    20.308     4.76    3.12
  29330.747    21.686     4.81    2.66
  29617.114    22.851     4.07    2.23
  29903.486    23.787     3.27    1.82
  30189.862    24.431     2.25    1.61
  30476.243    25.301     3.04    2.39
  30762.628    26.398     3.83    3.28
  31049.019    27.489     3.81    3.97
  31335.413    28.395     3.16    4.05
  31621.813    29.207     2.84    3.99
  31908.217    29.814     2.12    3.67
  32194.625    30.118     1.06    3.17
  32481.038    30.136     0.07    2.61
  32767.456    29.865    -0.95    2.61
  33053.879    29.266    -2.09    2.45
  33340.306    28.620    -2.25    2.23
  33626.737    28.066    -1.93    1.82
  33913.173    27.808    -0.90    1.49
  34199.614    27.730    -0.27    1.37
  34486.060    27.744     0.05    1.15
  34772.510    28.040     1.03    1.25
  35058.964    28.420     1.33    1.26
  35345.423    28.794     1.30    1.41
  35631.887    29.744     3.32    2.57
  35918.356    31.928     7.63    5.61
  36204.829    36.021    14.29   10.81
  36491.306    43.300    25.41   19.24
  36777.788    54.213    38.09   27.93
  37064.275    67.290    45.65   31.83
  37350.767    77.411    35.33   29.62
  37637.263    88.063    37.18   24.59
  37923.763    97.758    33.84   20.02
  38210.269   107.332    33.42   21.78
  38496.779   117.315    34.84   25.20
  38783.293   123.560    21.80   25.68
  39069.812   128.708    17.97   23.45
  39356.336   132.391    12.85   20.27
  39642.864   131.366    -3.58   20.13
  39929.397   127.689   -12.83   19.04
  40215.935   123.822   -13.50   15.26
  40502.477   123.723    -0.35   14.48
  40789.024   129.850    21.38   20.30
  41075.575   139.890    35.04   25.68
  41362.131   153.166    46.33   28.71
  41648.691   165.977    44.71   29.20
  41935.257   172.744    23.62   26.54
  42221.826   175.045     8.03   24.99
  42508.401   167.891   -24.97   29.73
  42794.980   157.045   -37.84   33.36
  43081.564   144.252   -44.64   33.39
  43368.152   134.427   -34.28   29.79
  43654.745   126.122   -28.98   22.62
  43941.342   121.975   -14.47   16.91
  44227.944   124.447     8.62   19.00
  44514.551   134.290    34.35   28.93
  44801.162   152.272    62.74   41.96
  45087.778   174.822    78.68   52.80
  45374.399   195.758    73.04   53.21
  45661.024   209.732    48.75   46.23
  45947.654   217.925    28.58   40.58
  46234.288   224.021    21.27   38.90
  46520.927   228.326    15.02   42.40
  46807.571   232.910    15.99   46.02
  47094.219   231.794    -3.89   42.29
  47380.872   229.100    -9.40   38.68
  47667.529   236.392    25.44   35.06
  47954.192   249.486    45.68   40.15
  48240.858   261.751    42.78   44.22
  48527.530   263.549     6.27   45.24
  48814.206   260.287   -11.38   47.84
  49100.886   262.287     6.98   50.92
  49387.571   262.814     1.84   54.04
  49674.261   251.736   -38.64   56.85
  49960.956   230.358   -74.57   48.52
  50247.655   212.164   -63.46   47.21
  50534.358   195.181   -59.24   50.01
  50821.067   179.189   -55.78   49.51
  51107.780   157.491   -75.68   42.91
  51394.497   137.716   -68.97   33.35
  51681.219   122.136   -54.34   22.94
  51967.946   111.363   -37.57   14.68
  52254.677   106.076   -18.44   10.12
  52541.413   103.856    -7.74    7.48
  52828.154   103.957     0.35    7.81
  53114.899   105.205     4.35    8.91
  53401.649   108.033     9.86   11.13
  53688.404   113.297    18.36   12.61
  53975.163   117.794    15.68   13.00
  54261.927   122.174    15.27   16.20
  54548.695   130.608    29.41   22.75
  54835.468   141.651    38.51   29.47
  55122.246   154.045    43.22   35.00
  55409.028   168.786    51.40   41.62
  55695.815   182.508    47.85   44.32
  55982.606   195.622    45.73   42.80
