# NaN NaN NaN ;Mean Elev.(m), Avg Gradient(m/km), RMS Gradient(m/km) - SRTM1     
#   -1.793  -0.408   3.186 ;Mean Elev.(m), Avg Gradient(m/km), RMS Gradient(m/km) - ASTER GDEM
#   44.010   0.089   4.018 ;Mean Elev.(m), Avg Gradient(m/km), RMS Gradient(m/km) - GMTED2010 
   1 150.753078  66.143994    24.581    24.593  3 54666.12140657 44.137
   2 150.751621  66.145051    25.028    23.656  4 54676.03705103 33.264
   6 150.753540  66.144520    29.815    29.210  3 54715.69962767 25.820
   8 150.751287  66.141540    25.309    25.283  3 54735.53092551 35.459
   9 150.748547  66.143088    69.939    69.939  2 54745.44657243 11.277
  10 150.749973  66.144714    23.422    23.393  3 54755.36221929 45.509
  11 150.750034  66.144515    23.207    23.301  3 54765.27786472 44.809
  12 150.752137  66.142399    22.449    22.429  3 54775.19350743 40.255
  13 150.747557  66.140433    22.566    22.566  2 54785.10914703 36.961
  15 150.748616  66.142736    30.227    30.241  3 54804.94042328 29.644
  16 150.752446  66.144695    30.304    30.366  3 54814.85606084 29.126
  17 150.748926  66.145172    30.376    30.355  3 54824.77170625 23.877
  18 150.751797  66.144298    30.235    30.198  3 54834.68734624 24.313
  19 150.751264  66.144122    30.125    30.131  4 54844.60299602 23.709
  20 150.749515  66.145034    30.241    30.269  3 54854.51864484 22.949
  23 150.756310  66.146354    29.989    29.989  2 54884.26558873 21.123
  24 150.753225  66.143851    29.724    29.651  3 54894.18123097 21.881
  25 150.749144  66.141692    29.641    29.633  3 54904.09687045 23.222
  26 150.752473  66.141474    30.717    30.742  3 54914.01250944 20.527
  27 150.748987  66.142790    29.717    29.722  3 54923.92814720 21.927
  28 150.751939  66.144180    30.130    29.780  3 54933.84378477 21.041
  29 150.753663  66.144087    30.596    30.943  3 54943.75942029 19.633
  30 150.751809  66.142389    28.457    27.261  3 54953.67505337  9.684
  31 150.746014  66.140581    24.427    24.427  2 54963.59069757 32.786
  32 150.748161  66.140676    28.387    28.387  2 54973.50634619 49.393
  33 150.752063  66.142503    27.948    27.992  3 54983.42199423 42.244
  35 150.752429  66.145356    25.788    25.631  3 55003.25328816 49.370
  36 150.751118  66.145087    28.966    31.378  3 55013.16893251 26.144
  37 150.753000  66.144577    25.940    24.226  3 55023.08457574 30.253
  38 150.749329  66.145123    25.769    24.177  3 55033.00021773 32.601
  39 150.755966  66.146242    23.295    23.295  2 55042.91585997 38.612
  40 150.755307  66.146664    31.501    31.501  2 55052.83149996 21.037
  41 150.754137  66.145450    23.471    23.452  3 55062.74713769 42.532
  42 150.750915  66.143328    24.372    24.371  3 55072.66278167 34.732
  43 150.751549  66.141627    30.341    30.340  4 55082.57843008 41.983
  44 150.751080  66.141553    25.402    25.420  4 55092.49407680 54.803
  45 150.750769  66.142634    23.493    23.460  3 55102.40972324 49.029
  46 150.748560  66.143794    23.706    23.686  3 55112.32536920 48.291
  47 150.748569  66.143622    23.863    23.755  3 55122.24101305 40.857
  48 150.750565  66.142314    22.968    22.955  3 55132.15665418 38.650
  49 150.747561  66.140928    22.715    22.681  3 55142.07229283 32.370
  50 150.752674  66.141146    23.773    23.103  3 55151.98793162 23.329
  51 150.751596  66.142664    25.680    25.318  4 55161.90357008 22.872
  52 150.750269  66.144362    29.267    29.413  3 55171.81920814 21.261
  53 150.753330  66.145195    30.401    30.621  3 55181.73484503 19.079
  54 150.751457  66.145061    30.126    30.226  4 55191.65049470 21.224
  55 150.751101  66.145192    30.151    30.155  3 55201.56614482 20.996
  56 150.749239  66.145658    29.732    29.650  3 55211.48179417 20.215
  57 150.754372  66.146132    30.625    30.485  3 55221.39744369 18.823
  58 150.753361  66.145509    30.050    29.986  3 55231.31309150 19.841
  59 150.748912  66.144123    29.985    30.098  3 55241.22873578 19.760
  60 150.751129  66.142574    30.178    30.112  3 55251.14437715 20.186
  61 150.748723  66.141739    30.463    30.778  3 55261.06001582 20.305
  62 150.748946  66.142104    30.612    30.937  3 55270.97565388 21.087
  63 150.752154  66.142820    30.515    30.770  3 55280.89129213 19.735
  64 150.751381  66.143078    30.666    30.872  3 55290.80692882 18.641
  65 150.749497  66.142623    30.546    30.470  3 55300.72256309 19.134
  66 150.750773  66.141707    30.762    30.858  4 55310.63820956 18.926
  67 150.751424  66.141291    24.542    23.360  4 55320.55385520 14.617
  68 150.751594  66.141871    26.936    28.318  3 55330.46949971 37.132
  69 150.751146  66.143215    30.721    30.580  4 55340.38514405 52.993
  70 150.749638  66.144276    27.958    28.006  3 55350.30078806 41.500
  71 150.750976  66.144807    28.764    29.105  3 55360.21643023 28.981
  72 150.748638  66.144978    26.328    24.960  3 55370.13206991 44.969
  73 150.748832  66.145359    26.392    26.487  3 55380.04770833 48.224
  74 150.752056  66.145972    24.418    24.418  2 55389.96334632 48.403
  75 150.753362  66.146008    24.418    24.418  2 55399.87898307 48.490
  76 150.750997  66.144845    24.979    22.924  3 55409.79463019 35.649
  77 150.753819  66.142924    25.040    25.105  3 55419.71028086 54.319
  78 150.751668  66.141556    24.661    24.607  3 55429.62592781 55.953
  79 150.750905  66.141754    28.302    28.306  4 55439.54157235 55.101
  80 150.751211  66.142867    30.247    31.172  3 55449.45721555 26.828
  81 150.751589  66.143475    29.295    29.271  3 55459.37285837 32.350
  82 150.752970  66.143015    30.296    30.970  3 55469.28850042 31.328
  83 150.749941  66.141855    31.060    31.051  3 55479.20413888 31.427
  84 150.751597  66.141176    23.037    23.095  3 55489.11977494 44.876
  85 150.752619  66.141522    22.648    22.567  3 55499.03540868 38.040
  86 150.751015  66.142878    23.057    23.034  4 55508.95104828 36.181
  87 150.748897  66.144022    25.025    23.267  3 55518.86669818 32.575
  88 150.751002  66.144657    25.165    23.344  3 55528.78234754 33.550
  89 150.753426  66.144692    23.589    23.291  3 55538.69799509 31.736
  90 150.748810  66.144769    25.759    23.129  3 55548.61363974 28.620
  91 150.749987  66.145418    26.832    28.807  3 55558.52928318 27.793
  92 150.753592  66.146313    24.422    24.422  2 55568.44492596 29.417
  93 150.754213  66.146142    25.448    25.725  3 55578.36056763 27.299
  94 150.751043  66.144384    24.493    25.011  3 55588.27620664 26.690
  95 150.750236  66.141971    24.962    22.873  3 55598.19184281 27.645
  96 150.748634  66.140727    22.517    22.517  2 55608.10747628 30.162
  97 150.750684  66.141348    25.324    23.607  3 55618.02310819 26.940
  98 150.751973  66.143248    25.297    23.244  3 55627.93875454 26.485
  99 150.753912  66.144026    27.372    29.651  3 55637.85440607 26.615
 100 150.748982  66.143096    28.198    31.092  3 55647.77005489 25.922
 101 150.752331  66.141256    27.821    29.981  3 55657.68570155 25.834
 102 150.746446  66.140406    29.065    29.065  2 55667.60134321 15.079
 103 150.752142  66.141488    23.392    23.408  3 55677.51698323 13.934
 104 150.750883  66.143562    23.545    23.556  3 55687.43262071 26.950
 105 150.753566  66.145080    24.437    24.427  3 55697.34825730 26.662
 106 150.752401  66.145130    27.578    27.921  3 55707.26389218 34.578
 107 150.753775  66.144433    31.469    31.450  3 55717.17954348 37.011
 108 150.753473  66.144305    31.726    31.740  3 55727.09519200 41.034
 109 150.749582  66.145137    30.207    29.624  3 55737.01083853 29.043
 110 150.751944  66.146189    30.614    30.614  2 55746.92648437 24.495
 111 150.751944  66.146006    26.366    26.308  3 55756.84212795 42.203
 112 150.748915  66.144119    26.397    26.382  3 55766.75776867 32.586
 113 150.752003  66.141630    26.182    25.080  3 55776.67340698 29.159
 115 150.751149  66.141389    28.422    28.420  4 55796.50467574 55.673
 116 150.753828  66.143377    26.646    26.696  3 55806.42031725 30.612
 117 150.750975  66.144463    30.211    29.624  3 55816.33596608 27.848
 118 150.749812  66.143330    27.472    27.521  3 55826.25161198 42.296
 119 150.751095  66.141480    30.620    31.074  3 55836.16725369 31.494
 121 150.750291  66.141661    22.631    22.595  3 55855.99852753 42.735
 122 150.752359  66.144030    22.851    22.822  3 55865.91416971 33.877
 123 150.751064  66.145844    22.716    22.683  3 55875.82982228 31.218
 124 150.753287  66.145877    22.839    22.839  2 55885.74546924 29.314
 125 150.748788  66.145010    24.752    23.109  3 55895.66110976 28.485
 126 150.753719  66.144291    24.252    23.059  3 55905.57674588 27.081
 127 150.751468  66.144766    29.337    29.197  4 55915.49238829 22.464
 128 150.752558  66.145704    30.218    30.262  3 55925.40804209 21.394
 129 150.753083  66.145848    29.658    29.658  2 55935.32369260 21.282
 130 150.749889  66.144056    29.881    29.894  3 55945.23933799 19.683
 131 150.748740  66.141516    30.089    29.866  3 55955.15497915 19.475
 133 150.751638  66.141270    29.481    29.474  3 55974.98625523 19.776
 134 150.749182  66.143452    30.142    29.887  3 55984.90189128 19.685
 135 150.751606  66.144601    29.931    29.647  3 55994.81752528 19.387
 136 150.750852  66.143569    29.793    29.564  4 56004.73317745 19.597
 137 150.751597  66.141437    29.822    29.370  3 56014.64882589 18.680
 138 150.747995  66.140562    29.133    29.133  2 56024.56447084 19.242
 139 150.751149  66.142045    30.740    30.894  4 56034.48011431 15.845
 140 150.752088  66.144564    28.315    27.068  3 56044.39575550 16.784
 141 150.752187  66.146259    27.077    27.077  2 56054.31139386 19.759
 142 150.752073  66.146220    34.398    34.398  2 56064.22702859 47.457
 143 150.748961  66.145051    29.976    29.939  3 56074.14267170 36.343
 144 150.753203  66.144508    30.218    29.616  3 56084.05832183 27.382
 145 150.750953  66.144700    31.673    31.732  3 56093.97396899 22.820
 146 150.752202  66.145325    26.019    25.777  3 56103.88961432 49.261
 147 150.751563  66.144924    25.987    24.941  4 56113.80524498 52.165
 148 150.751690  66.143697    26.920    27.317  3 56123.72088352 28.192
 149 150.752278  66.141855    23.699    23.716  3 56133.63651813 38.788
 150 150.751506  66.141003    23.811    23.792  3 56143.55215694 47.303
 151 150.750110  66.141644    24.714    24.695  3 56153.46780730 30.505
 152 150.748810  66.143198    29.982    29.949  3 56163.38345631 30.984
 153 150.753878  66.144218    28.765    28.615  3 56173.29910384 26.795
 154 150.754040  66.143772    25.941    25.907  3 56183.21474590 49.381
 155 150.753797  66.142377    30.831    31.265  3 56193.13038418 24.569
 156 150.748651  66.141588    25.716    23.810  3 56203.04601928 29.700
 157 150.753739  66.142642    23.133    23.005  3 56212.96165361 53.933
 158 150.750202  66.144770    22.898    22.852  3 56222.87728545 43.945
 159 150.756241  66.146432    27.043    27.043  2 56232.79294235 32.355
 160 150.757143  66.146532    29.359    29.359  2 56242.70859473 25.725
 161 150.751984  66.145581    26.682    28.398  3 56252.62424207 27.760
 162 150.750176  66.144801    30.411    30.965  3 56262.53988517 26.409
 163 150.750100  66.144724    30.468    30.922  3 56272.45552643 24.833
 164 150.752251  66.144847    30.212    30.238  3 56282.37116876 21.615
 165 150.752018  66.144451    30.601    30.503  3 56292.28682067 20.552
 166 150.752669  66.143155    30.795    30.831  3 56302.20246820 20.446
 167 150.749457  66.141816    30.820    30.791  3 56312.11811116 19.942
 168 150.752459  66.141572    31.003    30.995  3 56322.03375252 19.752
 169 150.751019  66.142496    30.715    31.032  3 56331.94939292 19.454
 170 150.751235  66.143491    30.816    31.091  3 56341.86503302 18.685
 171 150.751854  66.143803    30.807    31.170  3 56351.78067085 18.763
 172 150.749540  66.143093    30.771    31.049  3 56361.69631063 19.122
 173 150.752713  66.142431    31.140    31.073  3 56371.61196032 16.721
 174 150.752750  66.142726    31.146    31.120  3 56381.52760707 17.448
 175 150.752534  66.144138    30.901    31.201  3 56391.44325166 16.300
 176 150.750506  66.145474    29.099    28.959  3 56401.35889445 12.581
 177 150.755027  66.146155    23.538    23.479  3 56411.27453511 15.664
 178 150.751152  66.145882    25.175    25.163  3 56421.19017007 39.163
 179 150.751657  66.145453    31.970    31.991  4 56431.10580888 35.242
 180 150.749377  66.145309    29.969    29.491  3 56441.02146158 33.386
 181 150.750320  66.145270    31.215    31.396  3 56450.93711208 29.547
 182 150.751694  66.144745    27.755    27.772  3 56460.85276031 44.601
 183 150.752984  66.143547    28.104    28.042  3 56470.76840523 28.564
 184 150.749990  66.142448    26.249    26.185  3 56480.68404610 43.833
 185 150.751263  66.142053    29.458    29.084  4 56490.59968344 25.757
 186 150.751323  66.142536    26.863    26.123  3 56500.51531816 29.721
 187 150.753414  66.143323    27.182    27.251  3 56510.43095166 53.712
 188 150.752937  66.143695    28.370    28.272  3 56520.34659502 52.341
 189 150.753924  66.143482    30.737    30.784  3 56530.26224853 29.786
 190 150.752693  66.142992    29.465    28.807  3 56540.17789792 27.758
 191 150.749761  66.142856    28.661    28.632  3 56550.09354284 28.416
 192 150.749371  66.143760    25.655    25.650  3 56560.00918567 41.244
 193 150.751303  66.145153    24.501    24.523  3 56569.92482772 49.997
 194 150.757039  66.146378    23.349    23.349  2 56579.84046876 42.693
 195 150.753234  66.146296    23.399    23.399  2 56589.75610498 35.826
 196 150.752203  66.145488    23.098    23.092  3 56599.67175053 37.024
 197 150.750986  66.144831    28.961    28.706  4 56609.58740102 28.426
 198 150.753316  66.145218    29.083    28.676  3 56619.50304700 26.635
 199 150.754363  66.145662    30.418    30.426  3 56629.41868968 24.532
 200 150.750671  66.145091    30.265    30.134  3 56639.33432872 23.394
 201 150.751574  66.143323    30.243    30.031  3 56649.24997384 23.640
 202 150.751130  66.141582    30.267    30.049  3 56659.16562502 23.547
 203 150.750335  66.141334    30.363    30.362  3 56669.08127226 22.980
 204 150.751076  66.142895    30.164    29.977  4 56678.99691727 22.988
 205 150.753144  66.144483    30.284    30.083  3 56688.91256088 20.808
 206 150.749963  66.144583    29.853    29.929  3 56698.82820141 20.275
 207 150.750791  66.143354    30.093    29.867  3 56708.74383766 20.842
 208 150.749629  66.142292    30.570    30.884  3 56718.65947641 20.147
 210 150.751725  66.144650    30.438    30.450  4 56738.49077767 18.922
 211 150.754967  66.146645    29.941    29.941  2 56748.40642276 19.245
 213 150.751917  66.146183    31.262    31.262  2 56768.23769680 16.706
 214 150.754045  66.144877    31.258    31.278  3 56778.15334356 13.200
 215 150.753967  66.144544    31.184    31.286  3 56788.06899950 14.360
 216 150.749907  66.145111    25.230    23.529  3 56797.98465158 26.009
 217 150.753146  66.145863    32.677    32.677  2 56807.90029873 50.645
 218 150.748792  66.145244    34.210    34.210  3 56817.81593926 54.627
 219 150.749678  66.143465    30.278    30.258  3 56827.73157671 50.373
 221 150.751552  66.141397    27.895    27.921  3 56847.56284226 51.833
 222 150.752698  66.142914    26.522    26.485  3 56857.47849451 46.904
 223 150.751394  66.144818    28.579    28.489  4 56867.39414782 50.274
 224 150.751451  66.145161    29.036    29.053  4 56877.30979962 47.635
 225 150.750069  66.144140    29.617    29.786  3 56887.22544812 25.819
 226 150.752448  66.142776    29.841    29.365  3 56897.14109426 25.781
 227 150.750859  66.143029    27.868    27.856  3 56907.05673728 28.587
 228 150.750679  66.144988    28.535    29.012  3 56916.97237828 29.746
 231 150.757272  66.146602    23.191    23.191  2 56946.71928352 45.266
 232 150.752825  66.144592    27.404    25.530  3 56956.63493719 29.202
 233 150.753924  66.143683    30.974    30.992  3 56966.55058605 21.696
 234 150.753492  66.144500    30.923    31.016  3 56976.46623056 18.077
 235 150.750240  66.145687    30.725    30.639  3 56986.38187031 18.315
 236 150.752228  66.145442    30.762    30.726  3 56996.29750482 18.538
 237 150.753694  66.143493    30.891    30.864  3 57006.21314902 19.035
 238 150.750398  66.141368    30.667    30.580  3 57016.12880319 19.301
 239 150.749651  66.141073    30.641    30.696  3 57026.04445365 19.003
 240 150.751640  66.143018    30.771    30.789  3 57035.96010234 18.811
 241 150.751228  66.144989    30.459    30.214  3 57045.87574823 19.284
 242 150.753246  66.145515    31.127    31.141  3 57055.79139102 18.613
 243 150.753889  66.144173    30.750    30.973  3 57065.70702855 18.317
 244 150.751649  66.143119    30.640    30.771  3 57075.62266126 18.648
 245 150.752023  66.143416    30.583    30.696  3 57085.53829110 18.385
 246 150.750664  66.145459    30.763    30.920  3 57095.45394703 17.880
 249 150.754875  66.146417    31.336    31.336  2 57125.20090132 15.942
 250 150.753660  66.144624    31.283    31.276  3 57135.11654157 15.935
 251 150.750984  66.143686    30.889    31.007  4 57145.03217736 12.483
 252 150.751765  66.144191    27.020    28.608  3 57154.94781098 10.742
 253 150.751366  66.145016    23.348    23.349  3 57164.86344984 38.417
 254 150.750678  66.145134    28.992    29.028  3 57174.77910649 46.292
 255 150.752607  66.143793    29.205    29.198  3 57184.69475981 32.963
 256 150.748955  66.142036    27.187    27.182  3 57194.61040863 44.136
 257 150.750882  66.141563    26.902    26.914  3 57204.52604421 45.175
 258 150.753130  66.142935    24.725    24.808  3 57214.44168985 39.544
 259 150.750495  66.144782    24.297    24.354  3 57224.35733348 41.896
 260 150.748757  66.145597    28.251    29.359  3 57234.27297535 31.209
 261 150.750412  66.144964    25.163    25.138  3 57244.18861433 39.904
 262 150.750496  66.143929    30.606    31.137  3 57254.10425063 28.438
 263 150.751104  66.144170    28.858    29.561  4 57264.01988559 28.050
 264 150.754853  66.145767    26.052    24.343  3 57273.93552507 29.214
 267 150.752522  66.146082    24.315    24.315  2 57303.68248775 46.086
 268 150.751286  66.144407    22.866    22.880  3 57313.59813478 37.715
 269 150.753431  66.143710    29.609    29.084  3 57323.51377890 29.569
 270 150.751312  66.144023    30.551    30.974  3 57333.42942067 26.089
 271 150.751114  66.144701    30.136    30.086  4 57343.34506066 23.170
 272 150.751042  66.144420    29.721    29.473  4 57353.26071360 23.577
 273 150.753227  66.143428    30.512    30.692  3 57363.17635787 22.707
 274 150.753761  66.142193    30.529    30.693  3 57373.09199866 22.557
 275 150.751590  66.142184    30.630    30.787  4 57383.00763739 21.942
 276 150.751593  66.143184    30.617    30.757  3 57392.92327588 22.095
 277 150.753312  66.144482    30.513    30.368  3 57402.83891361 19.271
 278 150.750225  66.144979    30.416    30.148  3 57412.75455739 19.597
 279 150.751326  66.144772    30.332    30.238  4 57422.67020918 19.250
 280 150.753920  66.144694    30.266    30.122  3 57432.58585834 18.982
 281 150.752321  66.145297    30.730    31.059  3 57442.50150528 17.806
 282 150.752799  66.146321    31.145    31.145  2 57452.41715171 17.400
 284 150.754312  66.146413    31.110    31.110  2 57472.24843779 16.914
 285 150.752098  66.145260    31.161    31.144  3 57482.16407492 17.254
 286 150.750708  66.144147    30.871    30.865  3 57492.07970908 17.210
 287 150.749327  66.143983    30.532    30.579  3 57501.99534120 16.957
 288 150.750203  66.144188    29.149    29.578  3 57511.91099093 16.715
 289 150.753058  66.144220    24.567    23.128  3 57521.82664647 32.184
 290 150.749978  66.143649    28.996    28.956  3 57531.74229904 52.892
 291 150.754009  66.142876    28.580    28.497  3 57541.65794895 30.442
 292 150.751332  66.142463    25.139    25.131  3 57551.57359539 52.873
 293 150.750512  66.142909    28.942    31.053  3 57561.48924055 28.913
 294 150.751621  66.143891    24.866    24.879  3 57571.40488546 50.656
 295 150.751760  66.144571    30.247    31.194  3 57581.32053018 25.681
 296 150.752454  66.144746    26.015    24.641  3 57591.23617317 32.461
 297 150.751723  66.144692    26.762    25.599  3 57601.15181332 31.734
