 -87072.941   182.619     0.00   18.26
 -86786.496   176.682   -20.73   17.73
 -86500.051   172.127   -15.90   19.57
 -86213.606   169.347    -9.70   22.61
 -85927.162   169.138    -0.73   25.43
 -85640.718   170.408     4.43   30.08
 -85354.274   171.323     3.19   33.98
 -85067.831   171.147    -0.61   36.90
 -84781.388   171.093    -0.19   39.33
 -84494.946   171.381     1.01   39.84
 -84208.504   168.867    -8.78   40.62
 -83922.062   163.330   -19.33   39.56
 -83635.621   155.989   -25.63   37.09
 -83349.180   147.839   -28.45   35.84
 -83062.740   139.080   -30.58   34.50
 -82776.300   128.572   -36.68   30.28
 -82489.860   120.517   -28.12   24.10
 -82203.421   115.739   -16.68   18.15
 -81916.982   116.825     3.79   20.87
 -81630.544   124.254    25.94   31.50
 -81344.106   135.552    39.44   39.26
 -81057.668   148.652    45.73   43.82
 -80771.231   164.354    54.82   45.86
 -80484.794   181.900    61.26   44.99
 -80198.358   199.207    60.42   41.09
 -79911.922   210.496    39.41   37.73
 -79625.486   215.791    18.49   34.50
 -79339.051   217.834     7.13   29.90
 -79052.616   217.809    -0.09   24.38
 -78766.182   214.149   -12.78   21.84
 -78479.748   205.999   -28.45   23.39
 -78193.314   194.953   -38.56   26.64
 -77906.881   184.680   -35.87   26.44
 -77620.448   176.212   -29.56   24.95
 -77334.016   166.680   -33.28   21.61
 -77047.584   158.581   -28.28   18.80
 -76761.152   151.836   -23.55   18.60
 -76474.721   144.833   -24.45   21.68
 -76188.290   139.581   -18.34   24.62
 -75901.859   134.788   -16.73   25.32
 -75615.429   130.531   -14.86   25.03
 -75328.999   127.060   -12.12   24.89
 -75042.570   127.038    -0.07   26.98
 -74756.141   131.602    15.94   30.86
 -74469.713   138.299    23.38   33.44
 -74183.285   146.916    30.08   34.24
 -73896.857   153.286    22.24   29.75
 -73610.430   155.978     9.40   23.13
 -73324.003   154.331    -5.75   21.13
 -73037.576   147.565   -23.62   25.73
 -72751.150   135.649   -41.60   29.38
 -72464.724   121.788   -48.39   28.10
 -72178.299   110.340   -39.97   21.42
 -71891.874   105.165   -18.07   18.54
 -71605.450   108.510    11.68   27.15
 -71319.025   119.221    37.39   36.53
 -71032.602   132.810    47.44   41.04
 -70746.178   149.828    59.42   42.88
 -70459.755   165.422    54.44   41.57
 -70173.333   178.347    45.13   40.76
 -69886.911   189.449    38.76   39.80
 -69600.489   197.300    27.41   36.09
 -69314.067   205.271    27.83   29.18
 -69027.646   209.402    14.42   25.52
 -68741.226   208.641    -2.66   28.71
 -68454.806   205.188   -12.05   31.20
 -68168.386   198.558   -23.15   30.34
 -67881.966   190.882   -26.80   29.44
 -67595.547   183.606   -25.40   32.25
 -67309.129   176.504   -24.80   30.88
 -67022.711   171.059   -19.01   29.09
 -66736.293   165.778   -18.44   27.46
 -66449.875   161.538   -14.80   25.07
 -66163.458   159.435    -7.34   22.66
 -65877.042   162.599    11.05   23.03
 -65590.626   171.934    32.59   23.02
 -65304.210   179.545    26.57   23.52
 -65017.794   185.293    20.07   21.65
 -64731.379   189.531    14.80   18.76
 -64444.965   191.986     8.57   18.92
 -64158.550   195.241    11.37   20.06
 -63872.136   199.650    15.39   21.06
 -63585.723   203.066    11.93   20.56
 -63299.310   205.295     7.78   19.03
 -63012.897   208.162    10.01   15.40
 -62726.485   210.531     8.27   14.22
 -62440.073   211.217     2.39   20.81
 -62153.662   211.722     1.77   28.59
 -61867.251   210.876    -2.96   32.96
 -61580.840   210.320    -1.94   37.02
 -61294.430   210.693     1.30   40.98
 -61008.020   210.098    -2.08   42.64
 -60721.610   204.678   -18.93   43.28
 -60435.201   195.343   -32.59   40.51
 -60148.792   186.066   -32.39   36.43
 -59862.384   178.045   -28.00   33.92
 -59575.976   169.914   -28.39   30.23
 -59289.569   159.084   -37.81   28.29
 -59003.161   146.841   -42.75   27.58
 -58716.755   135.637   -39.12   24.19
 -58430.348   124.219   -39.87   21.79
 -58143.942   115.374   -30.88   20.48
 -57857.537   108.776   -23.04   18.92
 -57571.132   103.452   -18.59   17.69
 -57284.727    99.924   -12.32   17.00
 -56998.323    96.188   -13.04   16.39
 -56711.919    90.886   -18.51   15.21
 -56425.515    88.921    -6.86   14.72
 -56139.112    89.869     3.31   19.80
 -55852.709    93.489    12.64   25.89
 -55566.307    99.827    22.13   31.67
 -55279.905   108.003    28.55   33.77
 -54993.503   116.441    29.46   31.17
 -54707.102   123.379    24.23   25.15
 -54420.701   127.017    12.70   23.01
 -54134.301   126.236    -2.73   23.53
 -53847.901   123.935    -8.04   24.10
 -53561.501   123.994     0.20   25.45
 -53275.102   130.924    24.20   29.49
 -52988.703   144.448    47.22   34.83
 -52702.305   159.293    51.83   37.83
 -52415.907   168.869    33.44   36.77
 -52129.509   173.136    14.90   31.61
 -51843.112   173.096    -0.14   26.01
 -51556.715   170.966    -7.43   21.68
 -51270.319   167.086   -13.55   18.33
 -50983.923   164.096   -10.44   16.04
 -50697.527   157.757   -22.14   14.23
 -50411.132   150.154   -26.55   11.41
 -50124.737   143.681   -22.60   13.34
 -49838.342   137.551   -21.40   15.98
 -49551.948   131.700   -20.43   17.31
 -49265.555   127.484   -14.72   16.04
 -48979.161   122.662   -16.84   12.71
 -48692.768   118.802   -13.48   11.06
 -48406.376   117.490    -4.58   10.72
 -48119.984   116.730    -2.65   12.83
 -47833.592   115.332    -4.88   15.21
 -47547.201   113.455    -6.55   15.32
 -47260.810   109.076   -15.29   14.67
 -46974.419   105.003   -14.22   14.43
 -46688.029   101.093   -13.65   13.04
 -46401.640    96.637   -15.56   10.93
 -46115.250    92.958   -12.85   10.22
 -45828.861    89.727   -11.28    8.90
 -45542.473    86.263   -12.09    6.87
 -45256.085    83.531    -9.54    7.56
 -44969.697    81.124    -8.41    7.85
 -44683.310    77.874   -11.35    7.69
 -44396.923    74.410   -12.10    8.48
 -44110.536    71.207   -11.18    8.99
 -43824.150    66.902   -15.03    8.99
 -43537.764    62.714   -14.62    8.00
 -43251.379    59.432   -11.46    5.96
 -42964.994    57.770    -5.80    5.72
 -42678.609    56.622    -4.01    6.45
 -42392.225    56.318    -1.06    8.76
 -42105.841    56.573     0.89   11.54
 -41819.458    56.635     0.22   13.79
 -41533.075    56.225    -1.43   15.04
 -41246.692    55.281    -3.30   15.47
 -40960.310    53.389    -6.61   15.21
 -40673.928    52.101    -4.50   14.07
 -40387.547    51.918    -0.64   12.47
 -40101.166    52.242     1.13   10.98
 -39814.785    52.876     2.21   10.68
 -39528.405    54.027     4.02   11.29
 -39242.025    54.860     2.91   11.45
 -38955.646    55.155     1.03   11.12
 -38669.267    54.581    -2.00   11.48
 -38382.888    53.338    -4.34   11.94
 -38096.510    51.291    -7.15   11.89
 -37810.132    48.104   -11.13   11.74
 -37523.755    44.848   -11.37   10.29
 -37237.378    42.650    -7.68    8.41
 -36951.001    42.328    -1.12    6.88
 -36664.625    43.237     3.17    6.41
 -36378.249    44.440     4.20    7.25
 -36091.873    45.952     5.28    7.83
 -35805.498    46.626     2.36    7.93
 -35519.124    45.147    -5.16    9.74
 -35232.749    42.257   -10.09   11.25
 -34946.375    39.120   -10.95   11.01
 -34660.002    35.607   -12.27    8.96
 -34373.629    32.186   -11.94    6.61
 -34087.256    29.381    -9.79    5.36
 -33800.884    27.139    -7.83    5.56
 -33514.512    25.332    -6.31    6.48
 -33228.140    23.394    -6.77    6.84
 -32941.769    22.017    -4.81    6.15
 -32655.398    21.147    -3.04    4.92
 -32369.028    20.901    -0.86    4.56
 -32082.658    20.721    -0.63    4.89
 -31796.289    19.953    -2.68    5.02
 -31509.920    19.381    -2.00    4.83
 -31223.551    18.939    -1.54    4.44
 -30937.182    19.044     0.37    4.30
 -30650.814    19.347     1.06    4.09
 -30364.447    19.214    -0.47    3.87
 -30078.080    18.731    -1.69    4.25
 -29791.713    17.883    -2.96    4.53
 -29505.347    16.695    -4.15    4.56
 -29218.981    15.350    -4.70    4.05
 -28932.615    13.996    -4.73    4.16
 -28646.250    13.014    -3.43    4.50
 -28359.885    12.179    -2.91    4.50
 -28073.521    11.405    -2.70    4.45
 -27787.157    10.320    -3.79    4.25
 -27500.793     9.097    -4.27    3.62
 -27214.430     8.183    -3.19    3.28
 -26928.067     7.552    -2.20    2.90
 -26641.705     7.445    -0.37    2.60
 -26355.343     8.088     2.24    3.78
 -26068.981     9.431     4.69    5.66
 -25782.620    11.210     6.21    7.37
 -25496.254    13.260     7.16    8.33
 -25209.730    15.198     6.76    8.34
 -24923.207    16.496     4.53    7.81
 -24636.685    16.354    -0.50    7.16
 -24350.165    15.235    -3.90    6.51
 -24063.645    13.193    -7.13    6.62
 -23777.127    10.939    -7.87    6.37
 -23490.610     8.902    -7.11    5.60
 -23204.094     7.117    -6.23    5.17
 -22917.579     6.427    -2.41    5.27
 -22631.065     5.962    -1.62    6.00
 -22344.552     5.819    -0.50    6.37
 -22058.040     5.703    -0.40    6.63
 -21771.530     6.000     1.04    6.54
 -21485.020     6.429     1.50    6.19
 -21198.512     6.315    -0.40    5.53
 -20912.005     5.946    -1.29    4.32
 -20625.499     6.065     0.42    3.55
 -20338.994     6.627     1.96    3.34
 -20052.490     6.331    -1.04    3.69
 -19765.987     5.334    -3.48    4.59
 -19479.486     4.217    -3.90    4.79
 -19192.985     3.681    -1.87    4.83
 -18906.486     3.977     1.03    5.13
 -18619.988     4.439     1.61    5.07
 -18333.491     4.978     1.88    5.29
 -18046.995     5.375     1.39    5.31
 -17760.500     5.566     0.67    5.09
 -17474.006     5.531    -0.12    5.12
 -17187.513     4.531    -3.49    4.84
 -16901.022     3.125    -4.91    3.84
 -16614.531     2.476    -2.27    3.05
 -16328.042     2.469    -0.02    3.05
 -16041.554     2.682     0.74    3.26
 -15755.067     2.468    -0.74    3.29
 -15468.581     2.202    -0.93    3.40
 -15182.096     2.470     0.93    3.34
 -14895.612     2.477     0.02    3.30
 -14609.130     2.085    -1.37    3.46
 -14322.648     0.946    -3.98    3.64
 -14036.168    -0.347    -4.51    3.54
 -13749.689    -1.248    -3.15    3.76
 -13463.211    -2.386    -3.97    3.75
 -13176.734    -3.226    -2.93    3.69
 -12890.258    -3.933    -2.47    3.66
 -12603.783    -4.145    -0.74    4.29
 -12317.309    -2.008     7.46    7.41
 -12030.837     1.602    12.60   10.79
 -11744.365     6.914    18.54   14.50
 -11457.895    13.503    23.00   16.86
 -11171.426    19.158    19.74   16.97
 -10884.958    23.813    16.25   14.51
 -10598.491    25.391     5.51   13.05
 -10312.025    23.731    -5.80   13.70
 -10025.560    20.218   -12.26   13.66
  -9739.096    15.476   -16.55   12.31
  -9452.634    11.079   -15.35    9.06
  -9166.173     7.800   -11.45    4.70
  -8879.712     6.442    -4.74    1.98
  -8593.253     6.369    -0.26    1.75
  -8306.795     6.626     0.90    2.14
  -8020.338     6.783     0.55    2.20
  -7733.882     7.031     0.87    2.18
  -7447.428     7.124     0.33    2.17
  -7160.974     7.255     0.46    2.47
  -6874.522     7.179    -0.27    2.81
  -6588.070     7.267     0.31    3.17
  -6301.620     7.760     1.72    3.36
  -6015.171     8.603     2.94    3.32
  -5728.723     9.687     3.78    3.30
  -5442.276    10.425     2.57    3.07
  -5155.830     9.708    -2.50    4.29
  -4869.386     8.101    -5.61    5.47
  -4582.942     6.339    -6.15    5.84
  -4296.500     4.843    -5.22    5.40
  -4010.059     3.791    -3.67    5.03
  -3723.618     2.945    -2.96    4.53
  -3437.179     3.172     0.79    4.89
  -3150.741     5.154     6.92    6.00
  -2864.305     7.237     7.27    6.61
  -2577.869     8.750     5.28    6.84
  -2291.434     8.586    -0.57    6.93
  -2005.001     7.832    -2.63    7.10
  -1718.569     6.565    -4.43    7.10
  -1432.137     5.538    -3.59    7.08
  -1145.707     4.124    -4.94    6.79
   -859.278     2.552    -5.49    6.00
   -572.850     1.034    -5.30    4.33
   -286.424     0.410    -2.18    3.51
      0.002     1.488     3.76    5.15
    286.427     3.274     6.23    6.25
    572.850     4.467     4.16    6.60
    859.272     6.108     5.73    6.65
   1145.694     7.616     5.26    6.43
   1432.114     8.857     4.33    6.10
   1718.533     9.907     3.66    5.92
   2004.951     9.659    -0.87    5.86
   2291.367     9.685     0.09    5.54
   2577.783     9.364    -1.12    5.61
   2864.197     8.614    -2.62    5.33
   3150.611     7.449    -4.07    5.42
   3437.023     5.887    -5.45    5.53
   3723.434     3.982    -6.65    5.48
   4009.844     2.086    -6.62    4.97
   4296.253     0.721    -4.76    4.31
   4582.661    -0.290    -3.53    3.92
   4869.068    -1.138    -2.96    3.28
   5155.473    -1.807    -2.34    2.33
   5441.878    -2.164    -1.24    1.34
   5728.281    -2.032     0.46    1.60
   6014.683    -1.666     1.28    2.43
   6301.084    -1.228     1.53    3.35
   6587.484    -0.398     2.90    4.79
   6873.883     0.860     4.39    6.58
   7160.281     2.375     5.29    7.73
   7446.678     3.369     3.47    7.95
   7733.073     3.531     0.57    7.55
   8019.468     3.667     0.47    7.07
   8305.861     3.793     0.44    6.46
   8592.253     4.256     1.62    5.67
   8878.644     4.216    -0.14    4.84
   9165.034     4.225     0.03    3.54
   9451.423     4.065    -0.56    3.05
   9737.811     3.154    -3.18    3.40
  10024.197     2.468    -2.40    3.54
  10310.583     1.910    -1.95    3.70
  10596.967     0.490    -4.96    4.22
  10883.350    -1.017    -5.26    4.53
  11169.733    -2.545    -5.34    4.54
  11456.114    -3.170    -2.18    4.41
  11742.493    -2.643     1.84    5.23
  12028.872    -1.665     3.41    5.98
  12315.250    -0.011     5.78    6.19
  12601.627     1.567     5.51    5.84
  12888.002     3.402     6.41    5.46
  13174.376     5.078     5.85    5.21
  13460.750     6.517     5.02    5.22
  13747.122     8.474     6.83    5.67
  14033.493    10.169     5.92    7.15
  14319.863    11.702     5.35    7.46
  14606.231    12.781     3.77    7.22
  14892.599    13.045     0.92    6.93
  15178.965    13.468     1.48    6.96
  15465.331    13.263    -0.71    6.22
  15751.695    12.531    -2.56    5.25
  16038.058    12.172    -1.25    4.66
  16324.420    12.634     1.61    4.40
  16610.781    12.276    -1.25    4.03
  16897.141    11.654    -2.17    3.84
  17183.500    11.593    -0.22    4.08
  17469.858    12.538     3.30    4.67
  17756.214    13.241     2.46    4.67
  18042.569    13.214    -0.10    4.63
  18328.924    13.265     0.18    4.59
  18615.277    13.342     0.27    4.14
  18901.629    13.139    -0.71    3.14
  19187.980    12.210    -3.25    3.62
  19474.330    10.602    -5.61    4.61
  19760.678     8.938    -5.81    5.15
  20047.026     7.510    -4.99    4.91
  20333.372     7.274    -0.82    4.63
  20619.718     7.524     0.87    4.85
  20906.062     8.135     2.14    5.11
  21192.405     9.193     3.69    5.14
  21478.747    10.067     3.05    4.85
  21765.088    10.531     1.62    4.79
  22051.428     9.027    -5.25    5.27
  22337.766     6.649    -8.31    6.23
  22624.104     4.864    -6.23    6.26
  22910.440     4.407    -1.60    6.15
  23196.776     4.147    -0.91    5.83
  23483.110     3.353    -2.77    5.21
  23769.443     3.407     0.19    4.97
  24055.775     4.205     2.79    5.12
  24342.106     4.743     1.88    5.16
  24628.436     4.846     0.36    5.47
  24914.764     4.059    -2.75    5.74
  25201.092     3.447    -2.14    5.78
  25487.418     3.806     1.25    6.02
  25773.743     4.666     3.00    7.19
  26060.068     6.573     6.66    8.90
  26346.391     9.169     9.07   10.00
  26632.713    12.439    11.42   11.63
  26919.033    16.325    13.57   12.41
  27205.353    20.207    13.56   12.02
  27491.672    22.724     8.79   11.30
  27777.989    24.781     7.18    9.97
  28064.306    27.425     9.24    7.98
  28350.621    29.041     5.64    6.51
  28636.935    28.214    -2.89    6.18
  28923.248    25.855    -8.24    7.00
  29209.560    22.987   -10.02    7.67
  29495.871    20.119   -10.02    7.97
  29782.180    17.028   -10.80    6.72
  30068.489    15.279    -6.11    4.84
  30354.796    15.241    -0.13    4.76
  30641.103    15.379     0.48    4.67
  30927.408    15.346    -0.12    4.67
  31213.712    15.330    -0.06    4.85
  31500.015    13.662    -5.82    5.69
  31786.317    11.144    -8.80    6.73
  32072.618     8.169   -10.39    6.93
  32358.917     5.186   -10.42    7.16
  32645.216     2.461    -9.52    6.80
  32931.513     0.382    -7.26    5.45
  33217.810    -1.285    -5.82    2.70
  33504.105    -1.916    -2.20    2.11
  33790.399    -1.591     1.13    2.31
  34076.692    -0.555     3.62    3.37
  34362.984     1.510     7.21    5.11
  34649.275     4.221     9.47    6.63
  34935.564     7.136    10.18    8.02
  35221.853    10.675    12.36    9.58
  35508.140    14.456    13.21   11.44
  35794.426    18.186    13.03   12.34
  36080.712    21.839    12.76   12.49
  36367.023    25.490    12.75   12.73
  36653.626    30.259    16.64   15.01
  36940.228    36.683    22.41   16.73
  37226.827    44.316    26.63   18.86
  37513.424    52.992    30.28   19.83
  37800.020    63.139    35.40   21.28
  38086.614    74.788    40.64   25.72
  38373.206    87.330    43.76   30.55
  38659.796   102.975    54.59   37.15
  38946.384   118.815    55.27   41.32
  39232.970   134.230    53.79   41.29
  39519.555   147.114    44.96   39.53
  39806.138   154.408    25.45   37.35
  40092.718   155.867     5.09   35.62
  40379.297   150.764   -17.81   36.98
  40665.875   141.000   -34.07   37.73
  40952.450   130.113   -37.99   35.80
  41239.023   121.175   -31.19   32.02
  41525.595   112.910   -28.84   27.92
  41812.165   103.588   -32.53   25.53
  42098.733    93.010   -36.91   24.59
  42385.299    84.290   -30.43   22.24
  42671.863    78.524   -20.12   18.19
  42958.426    75.467   -10.67   14.61
  43244.986    75.608     0.49   15.40
  43531.545    81.364    20.09   19.68
  43818.102    92.296    38.15   22.63
  44104.657   104.769    43.53   23.62
  44391.210   116.310    40.28   24.15
  44677.762   123.724    25.87   22.46
  44964.311   129.593    20.48   22.03
  45250.859   136.137    22.83   25.36
  45537.405   138.622     8.67   28.32
  45823.949   134.048   -15.96   31.76
  46110.491   125.728   -29.04   34.62
  46397.031   118.756   -24.33   34.96
  46683.570   115.666   -10.79   33.11
  46970.106   114.195    -5.13   32.29
  47256.641   117.398    11.18   34.50
  47543.174   134.286    58.94   49.24
  47829.705   154.545    70.70   54.48
  48116.235   175.245    72.25   49.91
  48402.762   192.599    60.57   41.52
  48689.288   207.531    52.11   36.33
  48975.811   221.585    49.05   35.01
  49262.333   236.461    51.92   30.46
  49548.853   243.286    23.82   25.78
  49835.372   244.928     5.73   23.49
  50121.888   242.623    -8.04   26.60
  50408.403   236.120   -22.70   32.55
  50694.915   224.800   -39.51   35.94
  50981.426   209.895   -52.03   34.42
  51267.935   195.732   -49.43   32.91
  51554.442   181.948   -48.11   33.48
  51840.948   169.565   -43.22   31.68
  52127.451   161.106   -29.53   29.47
  52413.953   156.080   -17.55   31.05
  52700.453   153.921    -7.53   37.03
  52986.951   153.688    -0.81   42.50
  53273.447   153.010    -2.37   44.86
